10000
1
2
3
5
4
10
6
9
7
16
13
12
17
20
11
31
36
18
8
24
26
101
21
15
56
29
32
27
25
38
35
72
58
50
41
30
22
14
108
89
33
67
45
227
155
100
52
28
23
71
114
87
86
48
42
132
66
79
39
119
115
64
46
183
83
184
60
141
54
61
104
44
55
43
37
19
77
120
122
167
281
192
111
69
103
78
49
341
248
240
188
126
187
99
98
190
34
90
40
317
148
173
239
257
130
134
97
63
53
117
96
214
301
209
160
88
95
194
82
222
166
264
280
297
121
91
51
334
207
407
300
275
253
309
102
145
189
76
65
136
127
163
137
81
47
57
157
74
70
68
299
94
129
92
238
123
379
454
366
210
340
471
507
226
193
113
112
128
845
147
179
162
423
59
482
352
404
450
276
336
327
441
305
197
202
325
195
302
174
153
198
249
435
172
152
502
161
241
177
370
339
180
535
707
216
313
282
756
348
298
200
201
140
286
358
199
178
75
62
256
229
237
105
351
321
815
443
513
255
355
492
110
144
154
791
440
474
314
332
585
254
384
390
401
501
316
289
512
307
182
146
584
235
133
118
715
419
247
211
494
523
668
345
444
279
483
273
331
320
138
125
296
171
1139
208
164
168
131
697
149
361
347
150
170
805
267
205
1006
476
73
93
80
315
405
225
142
106
272
165
116
85
472
431
338
408
484
151
143
159
602
285
357
565
432
410
1694
1083
556
504
349
335
360
1370
988
675
536
1100
378
312
224
460
782
486
311
969
778
517
901
935
394
310
871
293
541
260
734
1289
651
230
558
693
606
578
414
928
1730
635
527
295
398
823
506
540
515
477
473
858
386
294
308
627
840
469
726
496
942
326
400
231
306
428
395
242
1095
744
1503
442
711
274
771
330
733
806
318
467
500
258
376
353
804
420
1050
878
391
287
2666
687
1164
1270
641
429
495
532
511
457
1181
1065
1357
505
383
372
918
418
680
206
263
196
342
698
369
879
534
371
411
220
135
185
181
124
377
433
445
288
939
389
459
109
528
380
497
829
919
872
550
519
548
569
350
1078
1042
572
678
1059
612
702
169
819
319
385
1206
1019
645
542
655
637
594
850
537
1251
646
631
402
278
436
425
930
518
426
422
1268
880
1040
730
589
481
603
642
1337
553
625
252
265
223
628
832
681
852
381
243
364
742
1168
1011
860
498
887
510
545
244
563
581
530
546
765
773
933
617
1506
737
997
291
786
487
520
322
382
514
763
591
397
139
213
219
723
303
396
203
1179
1599
434
212
893
204
251
246
1027
446
1109
1088
323
568
728
393
752
406
1253
1159
270
221
1182
1244
1570
554
234
290
1202
1025
907
1092
304
84
835
774
640
779
447
856
1498
463
277
261
590
387
676
337
346
810
995
259
186
720
580
107
1119
873
881
601
549
716
449
1009
1296
533
191
158
156
522
215
998
983
611
924
388
566
1345
1501
573
1123
639
682
576
4023
2317
1561
1668
1321
1920
957
1170
2146
365
1116
1156
683
475
1492
2520
1080
2435
999
1856
1016
1122
1484
1865
1386
464
489
705
1232
438
884
795
1283
830
798
719
421
354
2672
1012
1070
2274
1183
608
1235
1507
1121
1460
1192
567
555
465
1550
1860
896
648
2911
1409
663
470
1735
1306
2313
1741
796
758
1237
268
2664
609
1323
1595
753
948
623
1231
708
516
1076
980
1944
2562
1022
743
560
755
1566
461
3474
1063
1114
2490
962
789
865
2366
3419
1740
2569
583
874
1707
929
1307
963
706
801
644
1023
488
862
636
1172
1965
2343
524
1473
1767
605
993
1120
1265
1132
657
814
1028
724
363
1117
610
1412
439
1299
1722
2158
1697
1567
1476
1822
966
1528
1690
1581
704
968
1377
508
356
1071
937
478
971
1269
1014
1288
914
328
1045
3093
1604
1424
797
808
413
1696
531
600
503
1805
1569
787
559
1133
1325
1992
2032
430
1293
712
790
2899
3367
892
1220
1972
1217
1329
1365
764
722
684
1366
1032
599
1280
965
1524
1515
863
650
2016
2302
1356
1081
1358
2210
1400
652
1557
747
1103
690
1039
1198
1796
552
1367
691
480
456
1224
634
1779
848
822
876
1672
1248
1013
1359
1457
2088
1593
629
1858
521
920
1250
2123
262
479
343
2171
1405
232
368
1693
1002
1411
1010
927
1004
1910
1162
329
1201
1227
1394
1262
658
1703
885
1238
1360
946
1835
557
987
794
686
2129
1733
1186
1118
906
1273
1326
750
754
781
1701
665
1137
818
373
452
3733
1428
2319
1911
978
654
1375
685
1277
1077
1048
647
1530
904
1958
283
2195
1834
616
374
2573
2529
1624
1458
1079
2138
1294
1044
619
943
692
725
792
1934
2981
1221
1995
868
955
2673
1555
1610
1144
866
974
825
1033
1174
607
324
670
713
899
551
936
1908
1093
855
453
854
424
1324
2060
1364
1046
1223
2434
1143
1945
1115
1111
945
768
539
626
1953
1815
1454
1811
1864
1057
952
922
1403
951
595
701
468
731
714
898
803
857
1315
1445
762
1924
1541
1653
462
1442
785
375
544
1727
1538
1986
1266
1759
1497
2863
1229
1125
656
1038
934
630
1350
2395
1154
869
485
841
1750
941
938
944
1608
1713
721
1205
849
1702
1096
1008
986
1435
653
1917
1680
807
827
2191
1234
362
403
1136
1145
1152
538
2249
817
1590
1031
1035
1439
666
571
864
783
1300
1471
1091
451
493
1827
746
233
344
526
3198
833
2007
399
839
575
1553
250
1833
1844
2401
1764
2507
932
664
1417
1138
960
689
437
672
593
1745
1275
1056
3145
622
577
1974
1475
1656
1161
767
392
760
741
1817
989
661
448
2341
2669
1942
3174
1717
1577
2027
1284
1107
660
359
236
1185
2066
1708
1379
1891
2020
1723
800
2034
1281
2690
1408
2558
1320
1946
1067
1871
1058
1901
1962
615
669
1495
175
1616
1208
1169
1140
1160
732
870
1804
597
1286
2769
2226
2295
2412
1369
1218
458
947
509
266
2992
912
834
671
1384
1646
802
667
543
570
903
1478
2913
1001
1030
699
587
491
1015
1101
1705
900
793
228
1194
2437
1146
894
1712
1173
1245
2870
2017
1732
3080
1175
1584
891
1298
1158
2349
1808
1648
695
949
218
1207
811
416
176
1347
902
905
1047
1866
1508
1698
1090
674
1456
1176
1020
490
1564
1051
620
2903
2122
4154
1793
2892
2592
1675
1404
1087
843
1704
1552
911
1110
5246
4985
5850
2323
2977
1830
2022
1718
1505
2277
5848
2018
1462
1586
1548
2286
3871
3048
1304
1049
2350
2606
1748
2590
694
836
1579
3394
1751
2583
3360
2699
4080
1626
3463
4448
3687
2535
2364
1923
2605
1691
1921
5607
1607
4067
2906
2887
2647
2050
859
1141
1086
2629
1339
4659
2676
1881
1259
727
925
889
982
3210
1631
1317
1342
1328
915
3354
3083
1746
1659
632
1003
417
6045
3805
4508
1388
3634
1816
2585
2402
1264
2382
1395
890
4325
1628
3404
2670
4040
1790
3818
1877
2072
3190
3990
1724
1999
749
2097
2077
1600
1585
3509
2023
1447
1082
1312
2407
4342
3458
1596
1559
3606
1969
3275
688
3071
1802
4072
1472
3825
2762
2132
4120
1468
2980
861
1043
2211
1786
780
412
2880
5303
921
970
2935
1725
2177
2548
1828
1795
2262
1509
2645
761
1399
4096
2753
799
1256
1709
1398
1806
1276
1391
3921
2888
2904
4326
1389
1295
2169
770
1755
1062
1024
1278
1961
1657
1135
1196
4724
4902
2533
1729
2028
1344
4189
2716
2200
1836
3826
1433
3444
2390
2919
2405
3650
3589
2810
3923
4423
3182
3058
1052
2921
2420
5335
1932
3533
2878
3357
2147
1870
1155
1512
991
2470
1757
2244
1689
1450
1272
3991
614
1362
1007
2685
844
3130
1187
2873
1973
3217
3779
1073
766
2862
1619
1789
3873
981
633
1021
1886
1421
1966
1334
2459
1754
1518
837
736
2198
1258
1097
1517
1197
828
1800
1084
2331
1516
624
1522
5944
3822
2489
1102
2174
2482
2166
5167
3422
2291
3019
2136
4021
2305
1982
2101
3853
2571
1654
2521
2464
1890
2137
2337
1641
3465
1316
1127
4084
3335
3175
2260
2686
846
1573
1371
3223
1254
4495
1485
2334
564
2885
3466
1537
1792
3292
1490
3986
3295
3685
1461
1947
813
3595
2988
3776
3487
2013
1915
1931
2697
2130
2142
967
2869
1665
1431
2367
2009
3653
598
3347
1637
757
956
2223
2439
2454
1597
1018
916
696
3248
4588
3051
2316
2196
3891
3376
3788
2109
2160
1069
1514
1687
2922
1534
867
1956
5179
5949
3485
3407
1094
1292
1598
3115
4344
3550
4001
1876
1582
1855
1874
3156
1422
1104
2335
751
5379
2781
2393
1683
2131
1483
2285
2278
2644
6037
1611
2214
2828
1819
1959
1674
1620
2271
2202
677
3209
2073
3746
2598
2265
2071
1682
2264
1383
2358
4876
3720
2212
1592
2281
1199
2852
3192
1085
842
1214
1210
1824
2526
1213
1151
2094
1813
2084
2037
562
740
1621
1423
996
909
3066
582
883
579
3040
2739
759
643
2128
2556
3537
1807
4930
2968
2478
1075
1902
2391
3789
4295
3918
2624
1927
1580
3586
1685
2372
3056
2613
2230
1734
1099
3193
2338
1594
820
1331
1949
2706
3268
2406
4447
1271
1064
1263
561
5946
466
3880
3433
2163
1481
1853
245
574
1055
3710
2015
2267
1219
3100
1444
1571
1029
3663
3351
1124
1313
3139
3524
2468
4294
1526
1236
1463
2216
1862
1368
1651
1523
2916
1588
2252
2218
3927
2386
2832
1349
4089
3804
1906
1556
4917
1912
2682
2075
2984
2617
3445
1731
1645
886
1602
2263
2378
3576
1777
3802
2711
1303
3220
1500
4204
4161
4541
1638
3615
2217
1540
3214
2153
1440
1150
1826
1948
1798
824
718
1681
1240
2389
913
2215
897
826
1768
5027
3769
2602
1662
2905
2410
2798
2544
1053
2326
679
1780
3031
1519
3112
3023
1373
3010
3456
1857
1839
5157
1413
1829
3821
1711
4933
4422
2956
2100
367
700
2481
2418
2222
2225
976
1558
649
739
5922
3251
2742
3153
2152
3341
3439
1499
1434
1215
4814
4005
1601
1905
1188
2180
2451
910
2851
1414
8427
769
1688
1578
2567
2859
2193
3708
5036
3061
1929
1397
2441
2483
3167
1677
3336
1981
3751
2774
3627
1670
3655
1940
4833
2282
3952
1310
1157
1034
2943
1778
2588
2766
1842
2161
1026
738
2170
1190
2656
4408
2554
1996
1163
2208
1739
1425
2078
1106
2961
3117
1247
1686
2194
1112
1341
710
2735
1098
4934
455
2954
2937
3768
2115
4278
1776
1544
1105
1760
1536
3624
2599
3528
1502
2996
3162
1332
1233
3908
3549
2641
1664
3018
1255
1392
1195
3961
1640
3421
3548
1979
3170
3408
2205
2947
1913
2946
2301
4559
1166
2505
1441
4147
1773
1419
2189
977
2041
1126
662
2433
1572
709
618
908
1859
2396
1380
1418
1167
2159
1000
3477
2085
1882
3410
1762
2251
1576
838
2894
2004
1814
3378
2422
1667
875
1603
5780
2067
2779
1613
4090
964
1770
1322
3009
2452
4553
2065
2633
2936
2575
1884
4116
3632
5836
2425
3327
3151
1401
1279
1749
3089
3025
1061
4061
2325
6279
1960
1385
1074
3815
3052
2623
2463
1203
2531
1165
2783
1715
613
2062
1017
2012
2522
3226
5893
1230
3342
1351
992
1684
1774
2993
2421
2207
1072
1976
2472
979
1036
1898
1810
4738
1574
2790
2655
1527
1191
3282
2273
950
809
5550
2942
2527
2091
1464
1068
1678
2095
2404
3187
1896
1868
415
1211
917
1387
1209
1147
2098
2979
1926
1327
3391
2824
3916
2488
1714
877
2985
4015
1652
3076
2359
2339
1928
2287
3558
2511
2765
1801
1336
1249
1565
812
2650
2008
4740
1941
1346
1134
1180
1390
4767
4233
2794
2729
2042
851
292
1785
1496
717
1252
1333
3816
3781
4639
1382
3111
2491
4311
673
973
1679
931
748
2324
2747
284
269
2448
1880
3027
2107
4479
4099
3683
2566
2994
2843
2133
1782
1539
7481
2312
1633
2850
1228
3561
1888
3034
1766
3278
1551
1274
3688
1489
895
2525
2164
1922
1467
3262
1636
4144
3676
1449
972
1451
1393
2306
3113
2833
1591
2796
2497
1314
2176
3060
1933
1984
427
1376
2751
2188
1938
1952
2721
4545
4027
1131
2083
1606
3129
3294
2417
3102
4445
2361
3449
3637
4136
4299
2299
2240
2814
3032
2487
2496
2698
1878
1843
1479
2596
994
659
1487
409
3074
1200
3189
2450
2192
3001
2809
1673
2750
2029
3108
2767
2931
1925
1587
5647
4168
2243
1623
1302
5656
5378
1794
3002
2891
2715
1916
1869
2220
5508
2926
1532
3149
2173
1761
1355
4066
3455
3878
2117
821
1848
1887
1363
3026
2001
3337
217
2502
2379
3120
1951
1178
1416
3385
1343
2967
1846
745
961
1396
1415
3132
3471
2365
1615
6088
2052
2801
2807
4002
2461
2975
2563
2494
3161
2279
2026
4578
1378
621
588
1629
984
1225
586
1752
985
4250
3505
4648
1545
1510
1338
1241
2710
1695
2254
2167
2631
847
2871
3778
1128
1837
703
2772
1904
1171
2150
1568
3964
3661
5907
3966
1605
2149
1520
1771
953
853
831
4193
3675
4097
4269
4743
1287
3677
2446
1493
1937
1149
954
2053
499
2950
2154
3020
2840
3715
1658
2116
1041
4372
1783
2321
1353
2712
1488
3872
2883
5930
3022
3134
3555
3741
4012
1639
1222
2898
1618
2876
2787
2354
1950
4292
2693
3971
6910
2235
2102
2473
1649
1466
1060
2493
1491
1747
271
1964
1436
2773
3384
1054
772
333
3098
3644
1989
4172
2397
2752
1153
2311
3261
2181
3512
2141
3388
1993
2056
1850
2330
1420
1066
1562
4656
2144
2429
3300
1113
596
529
2553
2940
1243
1429
2304
1525
3830
3124
5240
4078
6077
6019
2055
3747
5428
4868
5286
3862
4737
3430
2344
2357
1285
1130
3723
3960
1736
5317
1784
4759
926
2547
3851
3373
6528
5395
5047
5947
7718
6740
4961
3442
8070
3432
4245
2113
6370
3325
2615
3848
2005
2090
6579
2813
7918
7531
2701
6232
3970
2409
7722
4343
5756
1936
5276
4226
7141
3947
5404
5807
4298
3774
3114
1108
4583
9544
4489
2691
4347
6840
3395
3380
5872
2081
2455
2082
2342
1644
9336
4536
2503
2436
3224
4091
3560
3441
4265
4207
5091
4820
3043
2059
4223
7789
5474
4795
5340
3704
4828
6477
5407
2636
5279
2868
3523
3321
2918
3896
6444
3287
6779
6410
2837
2500
4535
7556
5822
4476
6598
4636
4475
3283
3405
2241
3785
2190
4622
1838
4340
1430
4470
2776
6742
2237
6105
5996
6007
5633
5963
2652
3599
1290
775
2157
1772
4202
2296
1542
3895
2518
3587
4663
5332
2019
2477
4592
1968
5031
3468
1470
5649
2307
6612
4808
5132
4499
4169
3428
4995
1706
1987
5101
2031
1513
3322
3029
9625
6581
5252
4726
6842
6008
5313
2428
7640
6386
3148
5090
4835
3691
2745
2579
2962
3176
5145
2510
5142
2383
3630
2352
4664
6305
3427
6211
5150
3719
7455
3424
4855
6108
4869
3131
4984
4894
3681
3123
3496
4280
4606
5448
4431
4118
1867
2865
3772
3559
5169
3812
4946
3436
3163
2538
4497
3053
3177
1883
5233
4597
3849
6291
5017
2127
3069
1642
2074
2469
3036
2791
8203
5054
4912
3827
4035
1744
3450
7760
7315
6727
5632
2513
4970
4279
4633
2368
6515
5685
4792
3690
5778
4348
4608
2679
5337
4392
4672
6938
3731
3057
6054
5183
2577
4145
5523
5112
1535
1291
3869
1617
5055
3564
2445
2063
6454
3331
8285
2900
5002
3680
6487
7595
3144
1148
3732
1900
7597
6927
2206
2408
4182
2543
3017
3462
3894
1903
4839
3103
5661
4802
2523
2010
3243
3094
3179
3344
5717
1402
5287
4478
3431
4261
4218
1193
4425
1840
3078
2345
2808
6367
6248
5699
3227
4357
5274
2997
3953
4288
6100
5336
2966
3722
6559
8001
3945
3003
1781
3981
2659
3603
3338
2540
2580
2927
3807
1889
4338
2582
3361
3597
4717
2096
2632
2516
6609
3622
4699
3585
7318
6547
5547
6255
4297
3211
8671
4227
3086
2812
2110
7749
5936
5773
5483
3406
4301
4039
4013
4881
5712
5391
4251
3527
4675
3493
7674
3900
6823
2928
4434
6165
7626
5155
6770
3828
3317
3109
5272
4332
5168
4496
4180
4071
7131
3447
2717
5297
5953
6120
2965
2958
6808
5537
4022
4436
4888
3669
4988
3015
6531
4211
3883
3312
3105
2555
4708
1529
4959
2033
3411
3247
4098
6476
7015
5539
4186
3532
5219
6284
3792
1825
2061
1438
4128
5676
3569
777
3011
3364
4551
3004
5380
4996
5929
3397
6814
4103
4873
3126
4384
5746
2509
3711
4676
3796
5026
5086
4980
4969
1465
3104
4492
3464
7143
1719
2609
3045
6176
4004
2187
3501
959
816
4657
7829
3814
3258
4058
5759
5881
3339
2374
2298
3279
6700
6441
4109
2456
2778
5939
1381
1204
1354
3579
4167
6926
1614
1919
2140
2901
3989
3303
1721
4106
2258
2991
3332
2392
1663
2893
2960
2111
1554
4777
1177
4750
2821
8336
7043
4043
5063
5529
4947
2853
2877
5556
3847
3959
4733
2658
2709
5721
6882
4711
4673
2914
5725
4936
3522
5503
5703
5518
4764
3201
3888
2836
3296
6195
2600
6993
6570
2866
5414
4745
2219
2835
2591
4805
5723
3012
2105
2322
2508
3870
6984
2495
4772
3503
5757
8148
3972
2856
1352
5583
4480
3346
3452
5597
5490
4258
5624
6205
9114
5800
2043
5682
2126
5450
2290
3547
6756
2245
4798
5084
5062
2616
7378
8332
2668
6971
3370
8039
6427
4376
4712
2990
1861
3508
2089
5543
3426
5552
4490
4183
5467
5657
3839
8209
4488
1763
1963
5644
5588
5785
940
6716
6050
5164
3955
7952
5576
3750
4599
4290
5165
2385
4088
6714
2612
2733
3233
2471
2462
4901
4862
3454
2165
4472
7964
3359
1918
2695
4274
5580
2723
2792
3659
5267
3754
2640
2570
4824
4586
7402
4509
3623
3819
1340
2076
7206
3329
4967
3087
4000
2816
3933
5982
3263
3070
1885
1787
4122
1560
4312
4575
5250
5813
5479
3414
3096
3068
4397
4019
4461
5182
3443
4732
5876
4006
2953
3299
4649
5344
4232
3326
4807
5710
3381
1907
4812
2957
4264
3932
7254
2634
3470
4076
8696
5951
6671
7894
3885
6006
3613
5870
2559
3765
2280
1799
5319
2308
4112
7415
5512
7005
5432
5954
6853
4522
2112
7632
4494
2373
3824
3836
3165
2584
5294
4598
3881
1477
4119
3434
7040
5935
1627
1452
8426
6385
3207
3371
8954
3152
2360
1854
3876
3085
2998
1671
5247
2675
2534
5359
4198
2822
7458
9352
4296
4243
4637
4257
3492
3612
7109
5327
2689
2186
2677
1894
5560
1710
6247
3257
3122
2593
6041
882
6651
4439
4870
2256
6326
5724
5262
4117
6283
5496
3260
2135
4304
2768
2475
2356
3843
1406
4686
3062
8279
5046
4427
4184
3858
5802
1980
2442
6544
3138
4114
1531
7428
5352
5581
3418
5078
3221
7240
4763
2638
1297
1650
2467
2726
2545
4037
3568
2233
3446
5348
4252
2234
5236
5156
2438
5452
2924
2044
6846
4239
2184
2447
4632
2038
3620
4615
3065
2811
1791
3197
2303
4810
4200
3798
1692
4477
2948
6479
2780
4457
4222
4913
4643
1955
888
3173
3005
5520
2949
3604
4464
4212
3724
7067
2999
7456
5987
4328
3274
3006
4010
2257
1319
5068
2124
5353
3530
4177
3835
5022
8439
8028
4319
3886
5431
5299
5280
3656
3914
3668
4460
5671
5239
5927
2736
4533
5209
5016
6412
2539
3980
4237
3150
1372
1699
3875
5847
2702
2353
3097
2426
2930
2423
2820
2458
2785
2976
5750
6674
4595
3920
5933
4041
7735
4815
3007
1892
3698
5696
8638
1742
5318
776
6804
7299
638
604
6388
4788
7117
5420
4259
3330
2399
6004
4992
4600
4766
1407
3502
3800
5349
2660
6526
4402
4728
2744
3764
3736
3253
1226
4493
3646
4647
3577
4665
1737
2536
3904
4481
5534
5081
3562
2955
1543
2199
2915
4185
6253
5354
3884
6656
2621
4333
6196
7071
3491
4543
1533
2103
3649
4063
3118
5610
3044
8347
5553
3077
2845
1893
2484
5645
3079
3291
2156
9186
3345
4131
3219
4473
4246
5128
3451
7464
6154
2003
2268
6304
8196
5296
3910
5284
3686
4017
3594
5538
7007
2504
2727
3168
4062
6156
3092
4383
5350
2805
3526
8029
7238
2759
4221
3567
3513
2270
1511
3893
7251
4438
4335
3866
2586
6265
4194
5509
3420
4195
4642
5347
5818
6767
1446
7112
5104
4620
1809
5263
5191
4433
4516
7759
5451
5190
8044
5082
3996
3759
2872
2416
1563
4077
8952
5093
2861
1716
3160
1935
2327
2720
2232
5435
2183
7836
3204
3631
1589
3242
958
2255
2614
5338
1546
6506
3962
1189
2528
2907
2340
2627
3136
3037
6180
5361
2168
5195
6432
6330
4455
5039
2829
2320
1943
5162
5314
2427
2823
5184
3389
6663
4385
3091
1970
7772
2799
3667
735
5403
2046
4454
3238
5653
2108
5913
3362
4009
4337
4900
1622
5363
4085
7366
4554
5061
5189
2024
4908
8334
6372
3519
5030
1851
2314
4816
5325
3844
7309
5825
4944
4449
7408
4369
4191
4410
3725
4571
2506
1612
3396
6533
4558
4121
2611
7564
4419
2276
3861
2517
1967
3717
5980
3570
2430
3738
1242
7223
7356
6747
4164
4407
2825
5603
5463
2292
4452
5200
4049
6922
4124
2838
2662
6310
2388
1282
1728
5207
4928
5926
5826
3670
6333
2639
2875
3479
1775
3734
3618
6420
3399
4130
1443
3280
4878
2610
1895
9055
8513
1212
788
7055
3640
5019
2413
3429
6343
3977
5094
4625
2731
4701
4074
5769
6821
3692
7344
5744
3939
6812
2827
3635
3969
4524
5455
4462
3703
4520
2363
4825
4565
4158
2465
7107
6519
4641
3254
4871
5203
1676
3028
4669
5787
5764
3902
6358
7407
7580
3679
4178
4549
1374
5079
5489
4819
6743
2681
3328
3184
5956
3348
3265
3377
4442
5734
4267
4268
2293
4134
3578
5137
2229
3304
5638
8457
2604
2803
2941
3541
5041
5043
6887
3158
6849
3482
1427
4623
7188
2848
2839
1803
6124
4404
3922
4650
1486
1260
4316
5571
3497
4841
2236
2377
1812
3984
8872
3269
1547
3107
8150
2972
5440
1720
4667
3467
4038
3647
6851
6572
3460
1453
5871
3141
3978
3216
4612
4886
3983
2134
4341
4956
2793
5844
6106
2881
4510
2879
1991
2986
3753
2080
6204
4424
5224
2890
4896
4465
4171
1879
4585
3194
7814
5920
5499
1459
6514
2099
4887
7516
5071
4471
3845
3293
2974
4450
5324
4627
3854
1831
1726
3484
3726
1630
4573
6290
5290
3318
6535
5823
6226
7693
4146
2667
4132
8520
4731
4309
2587
5187
3617
5210
6072
2125
8948
3206
5465
2643
7257
4721
3412
4683
4435
2989
4562
2795
6294
4197
4818
3049
5677
8396
4354
3281
4851
1469
5007
3735
6858
3652
2151
6825
4556
5158
5654
2560
5548
2093
2155
1625
3241
3196
2275
5666
5511
4528
8144
4863
3793
1455
2705
5139
2692
2884
5698
1521
5909
4353
4610
2797
3340
3128
4634
3642
3244
2248
5080
6433
3534
3592
7698
3877
5438
4100
2830
2250
2221
5265
5692
3967
4108
4358
7125
6448
4313
1899
2048
2978
6083
7799
4951
3310
5955
5006
4242
2355
7447
6245
4206
2036
6529
4069
3358
2049
6212
3183
5898
2515
7018
5566
2259
4123
8968
2637
4160
3770
8242
4594
2376
2021
4953
4563
8549
5905
7376
6627
5249
4046
7413
3629
6057
8436
1957
1841
2628
1474
2294
5048
8598
4104
4421
3218
3584
2449
4700
4483
5517
3228
6577
7627
6430
2369
3488
3041
2564
4370
5130
7474
5357
3374
4685
4963
4031
2788
5924
1575
4050
3713
2704
3909
3940
4329
2228
2551
4149
4355
3222
2649
1738
7459
3948
2944
3956
3215
3813
3324
8187
6601
4247
5386
5485
4126
6550
1939
1348
1267
2092
3021
2800
1975
4800
4403
5707
4696
2581
3841
5109
1632
5025
4779
3879
5481
4324
1335
2185
3580
4157
2203
6060
2499
5784
5433
3323
1930
6447
4201
4781
4306
1788
3386
4655
2289
4315
7239
2740
4003
3137
3511
5049
1758
5681
7320
3229
4400
4568
3697
2574
4399
7537
5259
1849
2398
2197
2118
4139
2120
3628
3334
3616
3517
4373
2087
3480
2182
3581
923
1997
3415
3366
1832
1873
2684
2006
1448
4310
3063
2688
2400
4916
5478
2035
2346
5070
1753
5908
3797
6763
6406
7835
5606
2707
8758
4539
4231
1305
2959
4486
4213
8239
5329
3064
2025
5141
4395
4487
2595
4367
2578
5551
5545
5728
3494
6737
4504
5154
2874
6968
3125
3169
7360
2162
1609
2106
5880
4238
7155
4094
1330
5501
2932
9144
6738
6463
5215
2104
5884
5020
1480
2309
3998
4546
2432
2951
3301
5860
5838
7023
4875
3930
3252
3276
7108
6749
3705
1852
2247
6214
1743
6035
2457
3180
3000
5447
3121
5131
5732
6505
5809
4924
4381
6028
4604
6517
4836
6287
4942
4530
3699
3645
2642
4364
5013
2889
1797
1666
1361
5986
2929
3954
1142
2058
1301
5213
3574
2777
2748
3840
1239
2039
2002
2620
4034
4596
2272
6000
3273
2474
2201
5899
4872
5999
4844
5841
5577
3199
5504
7602
5035
3225
3142
4302
2934
2995
3308
3202
3546
7588
8341
2815
2532
4925
2738
4283
3457
2608
2561
5321
3671
3744
2411
4747
3639
4579
2758
5570
4817
6329
1700
2841
1437
4797
5885
3544
2537
4430
2179
4605
2530
5605
4561
2332
2064
7539
2607
6715
4254
3383
2663
4150
4730
5595
4806
2923
5060
1216
3288
4148
1504
2819
2380
7649
4079
6107
3794
6450
6080
3250
1998
5505
3101
3016
2708
2431
1318
4830
5531
4140
5244
2771
2370
3054
6402
547
525
2387
2743
5001
6228
4107
2714
2514
4095
2476
6502
7594
2896
5828
5466
5102
5011
3110
1765
6349
2557
4020
3072
6405
5472
8141
3995
4047
3237
5719
4230
6833
8374
5491
5436
5040
3674
3975
3892
7721
5914
6486
5736
4975
4102
3887
4401
3267
5211
4322
3600
4217
5674
2594
3714
3014
4056
4847
2552
3614
2051
5175
3856
6722
2718
6197
1257
5133
3504
6774
3834
3309
1089
3899
5555
4176
1909
5029
5095
3787
2501
3588
5568
5014
3664
6032
3154
2908
2119
4229
4127
2283
2047
5585
4856
4626
3795
5138
4209
3857
2512
5023
4680
5675
5678
6143
4414
3164
2336
4125
2661
2329
2011
7717
5973
7711
5382
2730
2622
5330
5196
7035
3075
3728
3801
6622
4225
2045
2297
5418
3459
6389
6010
4640
3146
4451
3636
7870
3867
6685
5214
5839
4446
1635
1583
4853
4753
6179
3682
6987
5582
5646
2802
6147
2786
4215
1985
2683
3556
2480
5554
5159
4893
5684
5901
4151
5110
4979
2069
5815
3842
5052
3621
4270
4391
3256
2328
5425
1845
2713
7116
5288
4409
5672
2040
6956
5368
4334
4723
2973
2178
2054
6027
5223
2756
4654
2741
4417
3203
6185
5144
5185
3245
5201
4611
8531
7104
5966
5771
3924
3298
4550
3941
5760
6075
4042
3188
6286
7296
4345
2626
3349
3249
4359
4437
3598
2938
3907
3205
5619
6002
6022
3611
3937
1914
1184
2261
6668
4736
2068
1308
3401
5422
729
3157
3191
1872
3425
2266
7881
4972
4768
3626
6937
5441
3271
2687
7313
1978
2403
1482
5845
1977
3950
2722
7668
2882
2725
2269
5990
2755
4582
8100
2000
1756
5456
4024
5405
4631
1847
3572
6340
2348
6416
1494
8200
3926
7157
3934
4681
2114
5853
3536
3461
3213
7075
6029
4957
3944
7359
6705
5915
4413
5628
2014
6548
3185
5292
2763
6860
3264
4918
2694
2384
1432
4691
2362
6280
6392
4997
4208
7126
5341
5596
4821
4838
5387
5408
5248
6907
4081
4603
4317
4660
3038
4440
3400
5928
3543
975
2625
3506
6435
1037
592
6491
3008
5371
6901
4064
3356
5282
4619
5373
6775
2847
2466
3874
3013
2867
3539
5107
5120
3518
6092
4966
4388
2678
4678
3320
2860
1669
3760
5593
6114
4515
3042
7567
6182
4219
3314
4255
5135
5038
3582
7298
4093
5879
6033
3700
6952
1309
3566
3046
4906
2754
6186
7363
2886
3307
4574
4467
2419
6130
3535
6328
5108
7333
3752
5315
4624
7663
7284
5869
5558
4498
2145
6031
5067
4115
4065
2246
1661
4500
2227
3172
3868
3082
2143
5965
1954
4054
5855
4692
2849
2925
1647
3662
3593
5161
4542
6366
1643
990
784
3343
2310
3266
3119
6025
5866
4235
3047
8773
4187
3820
2460
6776
3476
4273
4166
2971
6381
3403
3355
6223
2601
4350
4948
3024
4590
6239
3742
5045
4621
2443
3633
3608
3931
4514
3073
4801
4030
1634
5255
4314
3500
5670
9306
4935
2674
3590
2804
4892
4070
7808
2952
2665
1426
4938
1261
5983
3936
3596
5235
3684
2565
4349
2775
5469
3740
4284
2057
6703
5563
9573
8230
6930
8633
9090
8540
6995
9556
9651
7212
7708
2987
8970
5146
7960
6397
7326
9241
9523
8417
5821
4547
8934
5795
5664
4429
7000
4111
9889
7138
9345
5103
9032
2288
8418
7885
9443
8483
4629
2746
5454
7802
9736
9616
6941
9953
2703
2086
7337
9271
3997
9930
3379
6161
8369
6945
9417
7147
9764
8359
6912
9840
9565
8962
9514
9575
6249
5709
8020
3641
9839
9195
5008
3979
4305
7607
2394
8113
6848
9581
6341
4249
6537
5163
7529
6225
8558
3286
8838
5492
9563
8184
6845
3369
9655
9320
9132
8719
8735
7620
7006
9419
8873
7911
8132
3155
9561
8435
8715
8018
9129
6721
6141
5525
8688
8159
6188
5434
8156
7173
9344
9859
8114
7437
6243
7679
6869
6605
8595
8293
6658
6026
6994
6153
9369
7231
9944
9637
9735
7031
8090
6753
9057
8311
8747
8621
9909
6678
8414
5494
9938
7197
7295
5569
8829
3654
7122
7825
9515
3081
9402
8188
9719
9808
7573
6648
8560
2969
8718
5372
5412
4560
7412
4506
5629
4174
6507
8537
7391
4630
4453
8818
9072
9054
9495
7070
6038
3088
3481
6765
8938
5477
8928
8511
8079
6152
8876
4989
7995
6250
9758
4163
7903
8616
9622
7878
8468
7886
7692
5495
7800
7050
4236
9253
9789
5497
9230
6016
7180
3143
6751
6171
9652
6530
3478
5960
8195
7884
7975
9929
5316
5064
5715
4405
7646
4739
8098
7838
5865
6523
8601
7042
8657
8575
8644
4834
9894
5394
7099
8103
8737
7806
4263
3709
6861
8237
2964
8143
7846
6414
4668
4196
9465
4770
7742
6731
6764
9158
8973
4181
7161
9782
3791
2542
7448
7308
8578
6967
9682
8863
8813
8206
7581
9267
6318
3437
5997
4253
3901
3398
3985
1655
8316
2844
9264
2630
6460
8827
3721
5729
9531
3942
8834
7381
8248
2770
4840
4843
5906
5151
8236
5937
6394
7906
7994
3166
5221
4929
7968
4323
6687
9635
4616
5323
3678
5398
7153
5911
8376
4016
8683
7493
7509
5015
9377
6119
7085
6052
7012
6089
5253
6599
9368
6030
9094
3993
7766
2572
5172
6909
8535
3365
2239
3319
7331
6464
9125
8805
9800
9716
6778
7879
9379
8944
8705
8760
9506
8974
6888
7827
7052
5991
5322
8173
8572
9624
7736
7652
7364
5861
7140
7423
9769
6811
7553
4962
7998
6693
3898
3563
7971
6499
3565
3270
6115
6098
6144
4420
9582
6867
6522
6073
7954
6606
8440
2444
6965
9538
8908
6964
6597
4695
6831
9410
9580
5562
5134
8931
8382
7497
5149
7307
6235
5527
7787
8909
7535
7165
9545
3958
5362
7008
5261
4955
9861
9510
7385
6140
8624
7983
8682
8399
5749
8034
7757
6428
5868
4501
6759
6346
5257
5147
9986
4784
6549
9979
5460
4705
8389
5812
7297
5339
5105
9232
6085
6217
6335
5033
6766
6564
7518
6748
4910
7190
5396
3542
8799
5897
7944
7853
6632
4746
6536
4129
7847
9729
9796
8317
6470
2945
7867
4474
7767
3469
7020
4635
5591
3333
9601
5005
7362
4216
9161
8500
6229
7502
7470
7163
7690
5923
9691
6112
8875
3438
4152
6086
9784
9773
9255
9520
9850
8786
9045
8005
5311
4775
9550
9112
5854
4285
7891
7289
7312
5615
9751
9499
6633
6149
7612
7340
5598
4537
7904
6552
8757
8362
6322
8505
9899
9332
6364
7662
5228
7737
8617
4709
7078
8714
5376
6227
4827
3521
8306
7139
9810
8377
8664
3706
6692
8678
6146
6886
9170
6440
5308
3402
6151
2148
7680
7278
5586
5521
9731
8939
8380
7319
6426
6261
5751
6518
7765
6947
7063
5232
8900
8556
9794
2920
9599
9280
6380
7986
7860
9166
9058
8442
7444
3372
5437
1769
6401
5882
6061
3306
7928
8479
9027
7480
9330
5794
6803
5419
8494
6828
7170
6900
9949
4240
4374
6158
8982
8658
6669
5066
8075
6263
6827
8086
9681
5940
9171
6893
7929
4135
4521
7049
9897
8198
7557
4796
9133
7468
8751
8445
9244
7144
4993
1410
6929
5385
9126
9777
7013
3974
8146
6905
8040
6511
6200
5852
7686
7957
9041
3545
5453
6881
5985
8320
8104
5601
7350
7105
7630
6482
8319
7525
7081
4793
6001
7098
7343
6415
8089
3181
8467
4589
7230
8592
7778
9256
9558
5393
7242
3946
5388
4826
8491
6928
9329
8681
7234
4949
6314
8014
9173
2519
4142
9820
5346
6128
4581
4287
9611
7704
4666
4214
9083
6818
6258
4926
5888
4773
3551
9366
9965
7817
2784
6512
3520
5816
9925
6484
8663
5186
6501
9424
5500
3583
4165
6252
7528
9102
9631
8172
7195
6065
6272
4939
9098
7339
8940
6762
6832
5934
8788
6784
7931
9737
4751
9023
9675
9779
6621
4646
5564
3409
4366
7729
8373
6411
8026
7830
7585
6337
8244
7357
5806
9309
7989
5622
5798
6297
5042
9236
8844
6792
8088
7566
9707
5867
8489
6942
9298
6661
8882
3552
9130
6376
8508
4778
7959
7714
9104
6698
8370
8722
4576
9862
7780
9215
6894
8852
9905
7665
7743
5241
9103
8646
6996
5683
8721
3913
5716
9522
9235
9917
9378
7746
7186
7119
7569
5160
7613
4921
4416
4266
9220
8769
6835
4618
9415
8691
9139
6571
7946
6498
7914
7439
7321
9733
8674
5099
9088
9427
8056
6541
9260
5266
7543
8469
9395
5688
7136
5658
7382
6817
5366
3272
9931
7864
9498
6556
6798
5153
4466
8055
7770
4275
6288
6717
6403
6094
5097
1990
7940
9343
7684
3231
9578
5397
3315
3673
8365
5797
7647
7526
8826
7505
8702
7912
8232
5648
4748
4032
9596
6649
9783
7988
9549
8635
8062
7507
8631
6866
2568
3390
8447
5218
7675
7396
6569
9988
4852
1311
6723
7210
4307
3601
6619
5302
4703
6034
9600
9584
9539
6474
6699
6020
7123
7441
9977
9136
9091
5342
9612
6809
6863
4210
7433
6078
6208
8167
6635
8112
6281
5375
8957
5328
9105
7792
9940
7656
6043
5356
9528
5446
6553
5115
9386
8881
5830
7290
9928
5655
9155
4110
8443
9194
7578
4927
9456
6277
6369
9115
9847
6306
5642
4794
6979
7542
8596
9284
3239
6640
9762
5639
9967
8543
8891
8998
7431
6704
9127
6744
8989
6069
6351
8780
9391
7844
3495
6324
8971
2498
3890
6568
4804
8579
8725
6889
6576
8512
5650
4378
9333
4907
8337
3757
9277
6429
9198
8064
7424
4607
7232
9351
8351
3607
5801
5964
7226
7258
3140
1818
9224
9192
5471
9204
7540
4052
6407
8379
8519
4162
4459
2204
8274
4482
5651
2818
8241
4534
6973
7709
4587
9296
6939
4330
9960
7096
7678
4658
8162
2817
6468
2209
6485
4786
8413
5507
9123
5283
9903
8432
9067
8963
8843
9418
8733
6336
5700
8915
8509
8840
7980
5442
7243
4379
4199
5058
9748
9016
8787
5416
6371
4974
7966
5519
9150
4336
6489
4644
8264
9951
9802
7999
9478
7065
8367
7694
5258
4735
5835
8281
9678
7181
7871
8987
9866
7937
9318
6636
9999
6194
9223
6307
4755
4220
5959
4716
9954
3748
9020
3525
8564
6457
6985
8950
8991
8008
6974
6978
9282
7211
7883
7228
9670
9064
6915
3289
6955
6565
5374
3729
9824
5857
9287
6012
8253
7688
8499
2121
8303
5018
7671
9203
8567
5429
7156
7235
7907
2826
7803
8406
7570
6021
6555
6039
9942
8823
6644
6240
5174
3212
9325
1875
9832
6694
8897
8734
9358
7797
8975
6116
7265
7092
7645
6111
7967
5237
9426
7508
8731
7389
9860
9725
9978
7159
9257
6070
6320
7383
2806
2597
9137
5727
3423
7044
8268
4897
8125
7177
5484
3790
7465
5003
8137
6898
7666
7558
7681
8964
9790
7401
9827
9724
8985
6557
9024
8041
7300
7154
8779
8243
8263
8057
9722
4572
7669
5900
9252
7845
8516
3084
9557
5180
9131
7288
9021
5790
5546
7514
9474
8628
8366
8309
8315
5892
7038
7813
5738
6962
4591
4141
8669
9291
9727
9003
6348
2139
9266
4684
9695
7279
6796
6478
8135
7858
5475
4718
8473
7527
9590
7248
5326
6168
9315
6056
9957
9464
8662
7066
7949
9653
7936
5390
8924
7241
7090
5630
7899
3240
8709
9185
7854
7452
8921
4538
7655
4014
4532
9994
6933
6891
4693
8261
7003
7987
6665
7576
8879
7506
6653
3106
9904
6586
8979
9871
9752
5277
6931
7921
9705
7925
6316
9534
9886
8930
8533
4371
9911
8862
3831
4688
7172
5708
6695
5073
6755
4156
8050
6093
8240
8166
5413
6055
8653
7494
5957
4922
8593
6935
7938
5810
9890
3917
6903
6865
9322
7384
4940
3832
9261
5814
6923
5238
9594
9348
8134
4248
8228
4714
9636
7462
9128
3976
8214
4809
8249
2864
2333
1897
6980
4456
6071
4008
7606
7603
6600
7306
8280
7730
7224
9093
6662
7379
9829
4837
4601
4982
9483
4057
8368
6014
6911
9209
4694
6969
9273
8619
7369
5689
8208
6066
9693
9768
9030
9141
7834
3846
3963
9461
8576
5766
6790
8136
7271
8386
3529
4092
9690
9521
7636
9005
7930
9019
5694
8892
9110
8750
9546
7292
9518
9694
6988
7019
9385
8091
9517
9313
6672
7660
5763
8932
9205
9193
7033
9664
8547
7915
8831
8290
6769
6690
7981
7403
8809
4914
8603
8331
8945
4502
6221
5087
8202
4060
2895
5216
8400
9766
6844
3515
6177
6123
8759
9961
8887
6683
9532
7634
9739
7635
8754
8817
8791
7910
7731
9863
7486
5659
7809
8291
9952
5620
7191
6885
7277
6345
7823
5613
9036
4375
5227
2654
9245
8997
6916
5462
9363
6986
6238
3702
6543
6159
5542
3758
9852
8349
6332
9403
8470
6617
8410
9742
9576
8649
9069
7877
9885
9160
8460
9242
9926
9507
4540
6360
8415
6157
4518
1994
9982
5457
9218
9365
9567
3099
6084
2646
7009
8363
8493
4774
9082
6363
6368
8160
9571
6110
7628
5502
8154
7761
9969
9786
6583
6628
9251
7876
5458
5427
4832
6352
7134
7121
8729
8673
8287
9043
9493
7963
8254
5894
8548
9293
8430
7322
3059
5514
9246
5919
8404
4965
9149
8278
7227
6049
7167
4898
7667
3973
7618
6113
6977
2541
7851
7091
9997
4885
6961
5902
9714
6096
9666
9328
7577
6377
8559
8636
6456
5285
9943
9422
9659
6567
8784
6393
9051
4958
8874
8532
6629
7637
3811
2902
3610
5050
8920
6878
4087
3693
9190
5611
8996
4415
8299
8730
9053
7600
6260
8883
6046
6475
4879
5917
8407
7587
9227
4386
6760
4256
9696
9837
4787
3489
7345
5840
3648
9387
9585
9034
6736
5993
7882
8849
7483
8262
9672
6292
8205
8602
8328
7521
5170
4911
8168
6413
5065
5220
5480
2842
2549
2734
9074
4845
8504
8821
8318
9388
8923
5643
7979
3602
9877
3786
8304
7629
9109
5627
7947
5051
8629
6650
8411
5979
4289
2479
8238
6991
6384
4983
9950
6404
7916
7538
8870
7740
7185
4882
9996
6095
7245
6854
8459
4760
6452
9880
8210
5355
8765
8448
9688
8441
9570
2757
7430
3285
7111
7764
5690
6362
4986
8550
6713
6342
4073
3806
8959
5098
8684
3701
8452
7842
5873
5401
9425
7758
7784
4952
9056
9881
5587
6624
9780
8736
8969
3771
9337
6587
7386
6724
8353
8790
3625
2982
8161
8712
8297
9278
9374
5178
7492
8679
9078
7323
4368
3928
9846
8314
6184
9290
8175
4702
9272
6946
7804
6308
7305
4101
6919
5535
2347
1821
8492
7205
7889
8211
8235
6125
5075
3756
5464
4973
7115
9295
8333
7304
9048
8667
8455
9632
9216
8497
7017
6750
9589
5617
7726
9240
8864
9197
9142
7590
7250
4999
6220
7093
5515
5077
7330
5819
9922
9154
7027
7727
4880
6745
5971
5473
6697
6560
9772
7769
8025
7810
9634
2933
8258
5069
9849
7303
5217
6338
9459
6959
5445
4308
7658
3949
9208
8221
9077
4033
6327
6117
9487
5113
8122
4943
9375
4584
4758
8361
7720
3195
8770
4941
4971
3906
9684
7898
6009
5754
7118
8893
8541
7811
6422
6391
6975
7723
9163
5421
8045
8255
8284
6190
7169
9111
4803
3852
7217
3730
7872
6494
8748
9821
9649
2939
8815
8983
4443
2910
8755
6852
7816
7434
6976
6259
9312
3745
9157
8038
9095
6375
9300
9108
8046
7029
9740
9945
9231
6233
3472
3453
8752
6585
7073
6262
6443
5057
8955
9692
7358
5609
9815
3507
3992
8356
9744
9673
8224
3810
9587
6816
9481
4580
5343
4981
6521
5887
8296
7010
8076
5775
8510
3823
6099
3762
6267
5306
5755
8670
5530
8643
7068
5631
6539
5945
5173
5083
5270
3095
9101
6542
9626
7158
9803
9566
8554
5370
6508
4048
9470
8993
3440
1823
9188
7229
8395
6777
8743
6273
9963
8096
9734
5573
8627
9214
9071
7045
9463
7875
8943
8732
8936
6875
8988
7902
8388
7868
8047
9674
8568
1988
8880
5761
9354
7024
6689
5488
6203
6365
8925
7699
9792
4725
8820
8723
9817
8099
9857
8192
9085
7657
4883
2315
5770
3982
9998
8307
8385
7895
8498
8138
7032
3553
9989
9677
7673
5528
7592
6135
4507
3837
9874
6837
9801
9482
8006
5549
7510
3712
8589
8216
7945
7216
7625
6459
7530
9389
9749
6936
9586
9339
6469
5439
8960
5004
7259
8525
8408
3863
5679
4387
3987
9455
9843
7263
8394
7905
6741
5044
6791
5789
9771
3638
7747
7086
9723
9511
9286
8986
8703
5012
9289
6251
4790
5417
9248
6963
9543
9301
8294
9384
4990
3246
8190
5713
9981
4406
6359
5903
8762
8609
2635
2172
8980
4765
8648
7338
6652
5295
6051
5226
5612
3965
7575
4734
8338
9968
8149
7046
8608
7775
8066
3737
8854
8165
5333
4994
7351
6720
9228
7285
8695
7133
9984
2858
8067
8907
8888
7215
9806
7469
7472
7609
9920
8687
7920
8087
9844
8590
5890
8582
9643
8110
9588
8174
8357
8118
8869
8656
9029
6270
5309
6109
5788
5705
8594
7088
8604
4331
5634
2414
8131
8856
9526
9516
8009
6839
9747
5188
9770
7262
8292
4036
7162
7866
5977
7246
9037
3727
8591
7614
9175
7281
8583
4829
8692
8049
4527
5076
4300
5832
8835
2576
8740
7880
9502
1246
7617
2351
7544
5742
9805
9645
7728
6584
8942
6592
6989
5369
5877
1549
4976
4570
9437
3865
4291
3689
5895
6133
7848
3761
7909
5089
9568
9916
9421
8272
7519
2424
8946
6642
7685
7534
9497
8247
9680
8793
7892
6582
8867
6166
8275
4244
6992
5305
9159
9595
8185
7039
5384
3473
3448
2846
9399
8000
6256
5874
7022
9311
9347
7072
8686
6178
7639
3033
8245
9164
3672
2963
6873
4519
5208
1005
9476
6681
6162
2719
9835
7095
8910
3809
8789
5702
7236
2253
6278
6213
7703
6880
7653
4756
5604
4441
6234
9450
6334
6067
9196
6654
8782
8647
9404
8585
5943
6758
9342
9902
7406
5192
9807
4609
5786
7783
8710
9014
9406
8848
9038
6948
5862
7089
5119
3297
8182
7317
9382
8107
9856
9661
9842
6883
7839
7398
7432
6374
7355
8551
9791
7482
8530
8524
9434
9086
8094
5859
7500
5589
4689
6768
6289
9892
6638
3186
3773
3651
9831
7490
9211
8251
8701
4762
8084
6174
9541
3255
8397
8902
9519
4769
8171
5009
9117
6726
9787
5320
6011
7202
4105
8259
7605
8178
4303
9836
3718
6164
7733
6815
8183
3531
9614
7489
8312
7548
8466
7048
6757
7857
8727
7451
5544
4444
9265
7405
9407
8484
9017
3643
5298
6480
6643
8474
8806
4884
7168
9834
9323
6786
5846
7922
9356
5291
6492
6534
5559
9207
7873
3838
7745
4396
8611
7137
8976
5989
7375
9438
7132
7127
7953
7828
7417
8485
2749
5842
9134
3498
6155
3571
7523
5194
8756
7380
4026
4190
9147
7991
7082
5616
8623
8133
5493
7969
8176
7145
7148
5430
7084
2912
7037
3284
9785
9243
9683
9028
6540
6408
7113
2855
9776
8501
5984
4143
7555
6081
6554
8321
8706
7435
9201
7001
7831
6500
6604
6446
8344
7498
6439
3208
9620
6949
4783
4529
9975
6794
7244
6896
8002
9247
7549
9484
7805
5864
5988
4867
9851
8387
4380
3392
7124
6172
4153
4175
4780
8265
6183
7207
8481
4742
7255
5618
8155
5032
4707
9151
7771
5449
5516
4704
9500
5779
5278
8766
9040
8352
9713
9263
9035
9647
5948
4028
7495
6237
7890
5804
4904
3382
3783
7011
8054
8783
6398
6783
8797
8453
6129
4293
8496
6488
9939
8271
9721
9107
7552
4671
8895
6836
7397
5074
8383
3277
6614
9148
8599
7293
8917
5916
7310
9433
9529
2761
8660
7106
9686
6062
8463
7146
5268
3658
8941
5652
9697
5837
7855
4555
8581
7794
8626
5100
8767
6613
5234
4055
7551
4968
9613
7843
9891
7367
9490
6575
7192
7476
6102
5774
8764
9936
3127
4614
8305
6215
9466
7707
7484
4577
6483
5468
7336
6303
8464
7120
6972
6467
7897
7203
7077
5863
8204
2917
7503
6274
9873
9428
6437
8300
7951
8384
8845
8720
8716
8158
7026
6418
9868
9042
5726
5510
8013
7438
9414
1983
7756
7060
6466
5740
6524
4697
8612
6677
8676
6917
5858
6819
7036
2619
6419
5056
9822
8896
6667
9828
8886
3929
5579
7198
8889
9317
3903
6325
6906
5680
3739
6641
9396
8768
6773
8197
8607
8016
6438
5831
8861
8121
8021
6966
7874
7608
5730
2415
6631
6018
6400
4352
9560
6193
3387
8828
8933
7261
8342
5891
4776
7917
2760
7418
7791
8130
7193
8072
7316
7097
8220
6806
8115
7739
8472
5662
7532
9665
8614
8233
4861
3235
7598
8632
4848
9423
9383
2213
9063
8884
7457
5351
8545
8391
6230
6246
9559
7079
8798
9718
9007
6383
6630
2371
6421
6805
5753
4710
9819
7962
9444
6331
7621
7584
7150
2492
9774
6871
2300
8905
7390
5289
9442
7536
9361
7221
8257
7755
8529
4133
9726
8929
8102
4138
8488
7479
9712
6728
9883
6797
7762
4652
9833
6877
8348
8868
6558
4679
9512
8458
6357
7738
9221
8639
8794
8526
8761
6754
7622
6701
9100
7826
7372
9009
6958
6618
8641
9254
9756
7631
7643
9258
9641
7388
9008
8918
9061
8302
9436
7002
6603
2696
6300
9795
9853
3767
9124
8899
9447
6121
7623
5590
9397
9648
8630
6982
9297
8073
8476
3200
9059
9462
7861
6659
9182
8163
9341
8042
5256
4566
6271
3999
8127
9542
4919
7237
9775
9757
8354
5143
8409
6122
6970
3350
7927
7752
9494
8937
9288
9454
9593
6353
8745
7754
8199
3619
8487
6787
9858
5918
7974
7715
7513
6218
5377
2238
8850
8690
9371
7579
5197
5561
7189
8534
9654
6800
9605
8605
5626
3486
9607
5803
7654
5637
7659
6425
4276
8625
7436
2728
5669
7252
9702
9359
7700
9987
9349
8329
9119
5833
8145
8637
7219
2453
8454
6118
8330
8898
5962
6607
6465
3784
9788
9893
8071
2242
9044
6024
8967
6660
7638
6040
4754
3575
8027
4360
5198
4651
9639
8022
3938
3755
8620
5969
6495
8451
9720
5641
7992
6953
9569
3591
8069
7184
8471
8429
6082
4706
5720
8689
9816
5271
9234
6015
9357
8661
7334
6525
7786
8289
6578
6417
7753
4857
9212
6997
9052
7773
8812
8181
9947
8250
9180
9813
7062
2030
5140
4613
8832
4411
9122
8412
9530
8981
9350
5718
9473
3911
9547
5976
9452
9728
8819
7329
3475
2857
9855
8074
8035
7346
7325
8506
5768
3067
9469
6793
9346
6063
9743
6017
9618
6934
8480
7863
7426
5938
7361
6734
9168
9026
9011
8839
9703
6023
9608
9187
8792
9310
9334
9001
4281
4205
4224
9932
6688
4086
9958
8906
9238
8713
9409
8984
8965
8140
6590
9555
5856
7583
9274
9553
6373
6142
8777
7571
9551
8080
9143
8461
8226
5665
8544
8283
8381
7512
8037
7683
9918
9390
8749
2983
4045
2737
9458
2834
4377
3803
5411
2700
7774
6192
8913
9140
5974
4155
7395
6361
8704
7209
6520
9513
8588
4749
8234
6296
8807
8771
8031
6493
6876
4170
9006
8503
8212
9319
9471
6899
9974
4234
8990
6210
6254
5781
9901
5127
9884
5358
9468
5410
9002
7547
8785
8651
3665
9079
8994
8565
6902
6311
8266
7399
7130
5691
9937
8065
6242
5116
9467
6593
4860
4018
7650
6458
8120
6824
9321
3951
5565
4687
6504
7341
3935
9623
5722
9480
5381
6795
7687
3368
6219
8059
7286
4059
7676
8032
7273
4670
5931
4179
6461
8063
7934
3259
7812
4393
7276
7056
9554
9031
8061
7174
4418
4782
6924
5575
9294
6691
5409
4931
9152
7982
7196
8015
8346
3135
3695
3538
9065
5024
9084
4523
9598
3030
8728
6282
8043
6058
5212
4412
9629
7394
9760
6347
8310
7101
9907
7976
5600
5444
9525
2618
9948
5776
7280
6101
6782
4339
6241
8093
9671
5704
9445
7642
7984
4286
7348
8225
6686
4858
8851
5932
6344
6884
6173
5034
6623
8139
6442
9070
9326
8422
8420
7901
7080
7054
8527
6516
6224
5623
5608
8105
7776
7374
9479
5293
8825
5037
3799
3039
6455
6711
9305
7977
3316
4137
6954
6834
9914
3808
7744
3605
9993
5875
8169
9799
8345
7347
9619
7461
7965
5849
8405
6696
7404
4899
5752
5117
5400
5129
8217
4638
9237
7593
7282
5745
4432
9660
3968
3416
9730
5584
3516
8502
8478
4889
6957
5389
5817
3897
4713
3943
9432
4544
8142
4044
6950
6396
4978
8746
9176
9015
7264
6527
8193
4785
5176
2224
6042
2653
5245
5181
7586
5878
7183
6594
7611
5111
4113
5222
9848
2284
7908
5506
8680
4484
8288
3716
7559
9959
3554
2732
9644
9504
8853
7545
9401
3311
2589
2909
9229
8810
6513
8515
9896
9548
8600
4823
9489
8438
8523
9285
9533
7900
8298
5667
9628
3743
9392
9268
6862
4831
9376
4891
7978
2854
6187
3352
7151
5225
5636
4469
9492
8677
6013
8324
6855
6059
6771
4025
8425
6712
8922
7477
9935
5952
7256
6076
8308
7958
8855
8966
8323
6145
7087
6739
7997
8030
3925
5121
9679
9202
7488
6299
9657
7563
6132
8562
9687
9662
6198
5193
7777
4192
7589
9394
7793
5992
6298
3694
9018
5739
9449
7487
9441
6655
7311
8675
6859
6895
5364
1660
8528
6104
8927
3090
9759
9668
9068
8865
7301
9964
8446
7411
5166
3236
6131
8260
9503
9811
9488
3766
4895
6036
8539
8462
9633
7919
5123
6682
7440
3660
8231
4920
9050
7021
7328
6830
7833
7779
7365
7057
9275
7194
6595
9750
6611
5782
9583
7274
9869
8538
8256
3850
6616
3499
3829
7560
9640
6566
8803
6497
6150
8270
3540
7208
9118
7267
9408
5941
9621
9097
8019
7129
7419
6532
9370
8707
9701
9812
6169
5981
6857
5792
5148
4987
7287
7798
4628
7935
8573
7220
8552
6657
8518
6387
7225
4954
9798
9076
5367
8666
9189
5533
3775
9080
9364
6319
8419
7955
7819
5978
9698
8482
6409
3171
4715
3573
7682
6268
4682
7478
9411
4390
5686
2318
3749
3859
8953
4937
9420
9299
6323
7354
7064
4991
7164
8522
5125
4491
8082
7442
6990
4260
8659
7691
9004
9162
8437
5415
7324
7449
8610
2485
8252
6706
5470
7074
4318
5230
5851
3035
9854
7410
7849
5843
9435
7327
9047
5021
8058
8129
9865
5765
6285
3483
9970
9669
9818
8858
7822
5572
6822
4977
4011
3957
8486
5791
9400
7275
5000
8961
3833
9711
9708
4503
9602
6785
9527
7716
9145
8717
8428
5423
5331
3905
7913
5177
9010
8890
9908
4557
7973
7896
8157
7213
9689
8109
9870
6276
6053
4791
7633
7100
8378
2970
8179
9430
7520
7990
9879
5635
7204
4909
9646
7266
9971
7511
9039
6462
7302
9540
9025
5096
6434
1820
8919
8081
7661
6079
6091
4351
6707
2651
6264
4719
8126
3353
9745
9324
7501
3178
8947
6473
4617
7710
7985
4203
5205
9741
8372
9962
7956
5085
9439
7933
8117
4512
9804
7446
7025
9941
8517
6918
9754
4877
6451
6356
5614
5697
6772
5300
6064
5912
7533
3234
7053
3780
5242
6580
7471
2079
7677
3912
3363
5660
9924
8878
8477
4653
7672
6138
4068
6589
9146
6802
9153
6312
3855
3763
6944
8456
6826
6137
6680
7409
7601
5486
8569
6780
5206
4744
5714
5264
5204
6293
9537
8586
8903
7445
8814
6573
9814
8189
7247
5961
9882
7972
8180
9281
3817
2175
5663
4850
8355
2764
7467
5896
7058
5383
8842
9809
7414
7014
3375
5741
6673
3147
9995
6732
8901
4485
9448
9012
9927
9577
7624
7554
6799
7670
6510
6321
7400
5541
9838
9966
9405
8083
8444
3050
8124
7599
7463
2724
9206
5811
7610
4905
6897
8085
9279
5592
8672
9990
4915
8423
9955
9316
8772
7142
9355
5998
6097
5459
9222
7923
8724
8536
8194
6471
7596
7429
6244
5829
4394
6943
8390
6315
8343
9710
8153
7832
7788
8949
6914
8335
7182
7314
7887
6676
7371
4346
6735
8301
8068
5399
7504
9562
8010
9121
9226
9269
6047
3657
5540
4458
6202
9592
4960
4398
9895
5567
4593
6134
5758
7664
8566
6139
8393
3133
7517
6355
4727
9738
8475
5970
7427
4799
8152
7393
5229
6044
8151
6725
7837
3919
9179
6201
6908
5925
8926
9486
4389
8622
9564
4526
3988
1863
8495
6847
7373
8711
7782
4729
5088
2486
6181
8371
6301
5360
8011
7550
2603
4188
9823
4849
8570
7166
7696
7460
5310
7970
8053
7128
10000
4362
5621
8052
4874
5522
9956
4661
5114
7047
7856
2440
2375
8698
7094
6302
7706
6718
6449
5392
9099
5808
8992
5805
7450
4525
7110
5202
6390
2648
8951
7260
9360
5269
8191
5735
8128
5958
7491
7422
8267
6864
5799
3666
8668
5010
8804
9732
8402
3510
8606
9638
5498
2671
8392
8186
7392
7824
9283
8215
7522
7187
8003
5532
6664
6257
6191
9685
9706
7443
9876
7332
8077
9976
7807
6378
8023
6126
8095
9793
7996
5136
6209
9946
2789
6231
9630
7178
8916
5693
9380
6920
9524
6295
8201
5762
8726
9923
9165
5152
8741
5711
9663
9615
9367
7335
6838
7591
5834
8561
8634
9276
7420
6087
8859
7820
6850
4890
7034
5599
9972
5171
7524
9597
7028
6684
8587
8563
8542
6870
9446
6670
7993
7768
6615
6167
9066
7948
6317
9022
5950
4865
6841
8796
5967
7712
9906
9898
8219
8795
8958
6879
7796
7546
8802
5747
9049
5975
6068
4228
5122
8147
9864
9667
6545
4277
9591
6354
6639
7214
8708
5513
9233
5921
4864
7651
4690
9845
8654
4426
5301
3864
9767
6163
6733
2070
6904
6175
8358
8060
8424
6199
9973
7004
8557
7233
6216
5053
9983
7697
9178
5737
7541
6874
8956
7135
8350
7865
5092
2524
8847
6399
7648
7453
9491
6309
8811
8033
8229
5733
3230
5904
6602
9913
4757
4722
7924
6350
8699
8007
8841
6574
7790
3782
8742
6189
7175
7051
9307
9120
8824
7781
7862
6481
9373
7466
8995
4356
8808
3302
8401
6679
8119
4552
9060
6339
7201
9761
9327
4271
9457
7352
8618
8024
8004
7859
8277
6625
8177
5072
9609
8325
7751
6626
8914
7750
8776
9239
9610
5254
8866
7253
9398
8078
7574
4159
8877
5668
6160
6645
7059
6269
7416
5231
9073
4811
7818
9915
8360
5994
6730
9292
8017
6719
6829
6074
7149
8693
5526
5424
9259
9642
9174
7725
8694
1129
3994
6999
9992
3413
9362
7083
9715
8222
3860
3313
9709
9087
9191
6634
9617
4998
6702
4082
8860
9096
8652
6431
9841
8364
9763
2782
8339
8836
6810
4365
4645
2897
3232
4053
8642
8431
6588
3159
4741
7179
6222
7475
9535
9081
8213
7713
4677
4361
4513
3490
7604
9393
6761
4363
9172
9933
9249
8999
7283
2546
4813
1971
6453
8403
7888
5767
9335
7942
9765
8885
9156
6207
3915
5307
9552
6709
8574
7943
9699
6596
9505
5824
9572
9980
7932
5889
8223
9472
7719
7103
9181
5059
9658
2381
8092
7016
5827
4567
9340
8972
4602
3417
8313
7425
8640
6708
9496
8553
8753
6951
9700
8763
8935
7353
7734
6395
7893
8833
9062
9308
7270
7249
9830
6940
7272
5118
8514
6843
8449
4321
9887
9867
9000
7377
8375
5345
6048
6424
8846
8521
6472
4272
8051
6983
4282
9603
8744
8778
7852
7152
8164
9875
5334
4822
9704
7850
8207
6503
6675
6496
8615
9900
7801
6746
7199
6509
8322
5793
5748
9797
9460
8507
8580
7421
9200
9331
7616
5476
8577
8911
9912
5402
8416
6275
4051
6892
7561
6890
9627
6562
3290
2231
9878
2657
6729
3514
6445
9033
7840
4007
7268
6170
9606
7841
6807
5942
7473
6563
7926
6981
8800
5365
6591
5968
9910
6960
7171
4964
7568
7030
9485
6856
6103
5524
6646
4950
9755
4241
8645
3435
5443
3557
8837
5126
9475
6382
9451
7869
7732
5426
7496
9825
8871
7485
7499
5273
9656
4752
6561
5602
8822
6490
9106
3305
7741
4932
6647
5910
9184
7941
7644
6913
5783
4789
5243
9650
9536
8977
9314
7961
9781
7689
8700
9604
5574
6608
8421
5304
9135
8830
8781
8108
9717
9477
6801
4505
9219
8555
8097
7061
9116
3777
7695
7294
4761
2680
8036
4320
7291
4866
8218
5028
8326
4674
9872
8697
9381
9372
8227
6925
9199
5731
5281
8685
9338
4531
8904
8739
9304
8584
4511
6820
9250
8269
7821
7222
8450
7349
7615
9676
6313
7342
7102
4842
8613
7763
8546
8282
9262
6666
6998
5743
8655
8295
8286
3707
9509
7705
9177
6551
6788
6637
5777
9934
9089
3116
8048
7368
9413
5883
7939
5640
9508
8116
8111
7515
8801
7114
6090
2550
8123
7950
4262
8894
6127
4564
7041
7370
9440
5536
7160
7069
6620
3696
5706
3882
6546
4923
7724
5199
9921
7218
9353
4662
8327
7748
8106
6868
9270
9210
9579
5461
9013
6610
3609
6789
8571
9225
7701
4720
9453
9302
7387
5995
6148
5701
5886
5796
9183
9412
9431
4569
7785
7641
5673
4463
7269
9138
6136
7176
8246
7619
6266
6379
5275
4083
9919
8857
9826
4173
8433
4771
9075
8912
9169
8276
7562
4468
8012
6921
5695
7582
6423
6003
9753
7572
5251
4903
9888
5487
9574
6932
4327
4029
4428
9046
7076
5312
5557
6781
9303
5124
9429
6436
8340
4854
8170
8774
8665
5482
6752
8398
5106
7565
4846
4548
5772
9416
9985
9991
9778
9746
5260
4517
9217
6206
4859
7200
9501
8273
5972
6813
7815
8490
8816
4075
9113
4698
4945
7702
9213
9092
6236
2831
8650
8434
7454
4382
6538
5594
5625
5820
7795
8978
5406
3055
5687
5578
3889
3393
8597
8101
9167
8738
8465
6005
6872
6710
8775
