1000
1
2
3
15
8
4
7
26
17
10
21
5
11
13
9
38
30
24
18
12
34
59
27
20
6
85
33
65
16
29
174
48
51
126
52
47
28
19
22
80
31
45
58
119
66
44
42
75
36
43
14
189
95
118
67
79
78
25
82
32
83
183
207
136
100
138
76
154
155
61
88
150
114
197
35
46
23
224
53
176
87
50
37
135
60
106
81
193
215
70
293
54
104
57
96
143
117
56
49
190
55
187
89
199
221
160
165
158
275
170
73
92
113
124
91
40
39
172
97
41
72
110
134
195
232
213
269
520
499
391
163
186
161
120
77
367
198
289
166
94
171
290
286
402
255
116
173
422
216
84
128
122
69
90
107
331
229
177
125
321
238
184
121
68
146
71
169
323
210
278
86
248
162
268
144
283
240
380
273
471
218
314
343
337
109
288
315
249
63
373
211
178
152
202
310
115
153
62
98
301
260
103
101
292
358
148
108
241
561
451
392
164
225
426
179
234
228
279
282
410
528
431
345
137
262
141
140
308
191
149
129
352
168
205
127
285
200
266
123
64
130
99
142
194
111
167
175
242
375
433
387
346
294
376
416
626
676
554
729
439
458
468
185
305
287
300
421
573
231
493
151
550
549
264
492
324
519
523
201
159
434
396
236
617
504
359
347
592
494
759
441
281
131
203
490
585
557
747
253
204
93
322
223
259
219
628
398
212
112
217
299
576
632
251
712
473
302
327
342
438
356
341
722
192
462
371
222
415
105
258
245
284
147
182
318
335
406
403
254
382
566
670
252
571
405
333
448
543
388
486
444
397
518
390
271
623
386
586
304
602
517
383
274
440
348
615
465
374
770
437
145
564
360
411
478
296
353
272
230
616
502
510
351
456
624
261
214
328
247
399
330
196
298
295
157
133
74
424
102
316
303
357
477
710
233
614
132
334
599
446
459
798
516
246
257
526
250
584
732
824
607
432
417
773
418
267
354
715
839
332
525
423
400
366
977
578
461
291
350
761
658
552
536
800
460
757
485
309
139
338
474
208
420
336
235
570
453
531
646
597
618
385
320
378
377
505
181
297
206
244
428
682
629
653
226
472
565
237
156
430
227
637
349
329
276
620
489
765
582
414
180
239
535
513
270
538
408
509
737
503
832
497
568
745
720
736
450
974
683
666
587
854
740
857
853
851
671
815
940
822
973
533
783
596
672
209
937
634
540
577
537
808
743
695
915
985
642
544
394
524
590
312
805
872
934
1000
665
781
843
850
496
982
467
820
944
920
580
220
793
692
340
562
836
860
776
645
369
987
768
813
605
890
574
794
395
966
598
534
686
769
809
716
545
904
393
866
511
802
436
643
541
687
950
713
694
998
970
427
888
661
560
659
660
673
483
947
464
900
263
861
265
669
730
972
849
874
656
980
256
689
579
935
657
704
910
895
799
868
651
971
886
984
601
925
593
830
344
786
639
961
807
909
567
775
381
852
734
952
361
606
841
724
833
319
317
978
796
558
918
842
594
718
553
821
469
865
379
906
707
930
816
622
926
958
804
727
588
648
563
877
717
801
711
879
803
447
548
826
625
667
748
907
365
893
655
764
600
487
445
631
604
701
512
867
514
723
633
539
756
654
313
831
691
463
912
887
782
610
435
946
899
810
755
875
412
962
859
928
905
613
443
725
869
938
936
881
630
994
818
788
706
767
326
951
880
569
638
742
699
688
976
641
501
960
529
922
407
967
409
814
753
791
522
678
551
817
556
829
491
975
780
575
277
956
355
714
812
702
401
795
992
838
663
979
760
507
917
882
481
741
363
709
684
500
897
677
609
855
339
758
389
931
751
862
449
698
939
942
827
603
475
856
806
959
306
914
368
989
733
480
700
685
828
913
993
650
619
858
589
894
785
840
572
981
280
784
595
787
949
847
873
690
674
834
482
752
779
923
811
662
640
721
307
636
370
919
901
846
845
921
484
889
750
819
583
763
429
621
863
988
986
708
647
957
948
991
495
644
591
790
777
892
705
903
871
697
649
896
878
555
902
884
771
932
488
983
384
476
908
744
466
581
679
963
372
611
772
668
898
681
498
945
693
968
527
835
664
728
774
941
738
999
675
844
739
924
325
965
608
823
635
955
870
911
457
792
532
419
243
442
452
929
652
933
766
876
749
995
735
864
454
990
627
953
825
546
479
455
362
969
916
515
612
954
848
927
404
797
754
425
508
696
703
547
883
943
778
680
885
997
470
413
188
837
311
746
542
891
762
789
364
726
719
521
731
530
559
996
964
506
