-2146980102
-2139603080
-2130987843
-2130091373
-2127924007
-2123711562
-2110226887
-2102010753
-2098304521
-2090029179
-2085992059
-2080667476
-2078998464
-2074832643
-2047051534
-2040062673
-2023943873
-2018858485
-2004800485
-2001762922
-1990785491
-1989839717
-1982388303
-1979146842
-1977819808
-1975571908
-1975226073
-1973342666
-1967637670
-1966087674
-1956116227
-1949353167
-1948190645
-1931593047
-1929677837
-1929470760
-1928425496
-1928176638
-1919038154
-1916406824
-1915093854
-1912566090
-1912038535
-1907808383
-1901152051
-1899672601
-1894716402
-1890566686
-1883658018
-1876947489
-1876224527
-1874777457
-1873183450
-1870870978
-1855631852
-1853163498
-1851481885
-1846973529
-1845369341
-1844083732
-1836224621
-1835585968
-1834525729
-1827679378
-1827447523
-1827083637
-1814946752
-1814142650
-1808190325
-1806340404
-1804311476
-1796727943
-1795454902
-1793715258
-1787380972
-1787371796
-1786585205
-1776202420
-1772778429
-1771818266
-1769249136
-1765950537
-1765534210
-1765049544
-1762849328
-1739740432
-1735849785
-1734841842
-1730879494
-1726921854
-1719143257
-1718829252
-1717854164
-1715971009
-1713255673
-1696704313
-1692648929
-1690046647
-1688620459
-1684918065
-1682823504
-1681367899
-1670340420
-1664613534
-1664099306
-1661993079
-1660766009
-1656225670
-1654774415
-1639321297
-1636342256
-1636019174
-1604027444
-1603428088
-1598386748
-1598173264
-1586058427
-1574248302
-1570575059
-1568994195
-1564729735
-1564694059
-1559342905
-1551487004
-1548896789
-1547041836
-1543135683
-1543059296
-1535369990
-1535309128
-1534593470
-1532211581
-1524926636
-1520774036
-1517269691
-1508833271
-1508244356
-1505938569
-1490623415
-1489578050
-1478030966
-1475460284
-1474354202
-1472995835
-1470200642
-1470089696
-1468804542
-1467806158
-1463678521
-1460627421
-1456623765
-1450046860
-1446496568
-1442948367
-1429652919
-1425589529
-1423407581
-1422799153
-1421929838
-1421403299
-1415117467
-1403580407
-1400130016
-1395914149
-1393157423
-1392408773
-1390045512
-1389502838
-1385337810
-1381544268
-1373427057
-1368253219
-1367898095
-1359022927
-1348996657
-1336339489
-1334712958
-1332678507
-1323712483
-1322337820
-1319898013
-1308339473
-1303115565
-1301312117
-1299836672
-1295578025
-1295424433
-1292652037
-1291519838
-1290129146
-1285715611
-1284301465
-1272691883
-1271834109
-1270479667
-1269190141
-1267242509
-1256132919
-1254536114
-1252776872
-1251909156
-1242951493
-1237903900
-1229154775
-1228587221
-1210172528
-1209470960
-1208355215
-1202199234
-1200457715
-1199891620
-1199128276
-1195405176
-1195163873
-1189240033
-1185766445
-1183334496
-1182453252
-1181585408
-1181213571
-1178605534
-1178129167
-1177304051
-1171472677
-1161204053
-1146351570
-1140304852
-1139580494
-1134184349
-1127550841
-1124804660
-1120279906
-1119672445
-1119392184
-1118803698
-1114336950
-1112573639
-1111699862
-1111670048
-1110261142
-1109767081
-1106729167
-1103694222
-1092873360
-1091932836
-1090707459
-1088230331
-1079173059
-1073800187
-1073370424
-1073079246
-1072184002
-1068540549
-1063374372
-1049214590
-1048806703
-1041185400
-1041057473
-1040131219
-1039238751
-1038920996
-1032108362
-1028683515
-1023874777
-1021180445
-1017199429
-1013789203
-1012078399
-1009560701
-1005685979
-998161475
-997654105
-988575662
-987909003
-972891667
-972719412
-971585579
-970456758
-964147012
-956806692
-950965216
-949628183
-945948784
-942549944
-940410599
-937239000
-928480640
-923362610
-922870444
-921725795
-919589355
-919184356
-913355391
-910962127
-910000919
-907160181
-901259659
-889555440
-881744152
-881449057
-880701379
-877066074
-876577159
-873343835
-866110363
-847247754
-846268565
-840884836
-827826407
-819514143
-818961852
-818874001
-799258913
-798923442
-797793366
-794798020
-792779367
-787010754
-780837117
-768666110
-754903781
-751005342
-750761088
-740397855
-735950798
-735510158
-729721292
-726500192
-718034544
-716734446
-715493879
-708040898
-707844329
-705517704
-696902544
-676165472
-656884865
-651541045
-648166853
-647504147
-646485402
-637013028
-635212154
-635062170
-630148333
-622033911
-621871405
-613862660
-609835060
-603236504
-600731962
-594270898
-590734622
-587294530
-582715594
-580238151
-577617379
-575979966
-572802271
-570830602
-570250741
-562814127
-561873637
-559956550
-558790858
-557196512
-556537046
-552680342
-546928062
-546908709
-546204795
-545270601
-534518433
-531995395
-528666772
-527519014
-527367282
-509208473
-491434991
-491266821
-489614613
-482371465
-471715176
-466939557
-466489832
-464399667
-464063922
-448676990
-447181969
-443499139
-443013020
-440979688
-438135741
-425802882
-416177066
-413915031
-410484176
-409474151
-398377597
-390768176
-387483636
-383400600
-375127841
-365295038
-364308546
-364043263
-352149351
-346305636
-345918203
-344028734
-336134722
-328594231
-325181699
-321493412
-321295448
-321129407
-314346601
-312768790
-312706482
-310716470
-310530508
-306059784
-302991451
-302044358
-300508380
-296520975
-295477356
-294843044
-293834808
-293588815
-292454932
-291904520
-289373654
-287115554
-283440618
-282898824
-280696142
-278155852
-273579517
-269195339
-266432490
-258374018
-252516112
-249846001
-249006509
-248749663
-243784831
-241158581
-236736418
-232962440
-225209820
-224856822
-217649509
-209830550
-208479225
-207288107
-202722909
-197994821
-197220102
-191843465
-186491568
-185654467
-185343785
-165274325
-163013322
-162991108
-158513743
-156647071
-156576279
-148585970
-147375693
-138966053
-138578013
-137002239
-132274337
-131432492
-127088079
-122801572
-119575785
-118492624
-109789319
-108172008
-106851962
-104057356
-87395423
-77738888
-74285949
-73237870
-70578638
-67540889
-53608002
-52269163
-44865434
-38404186
-37484472
-32873113
-32777323
-20146643
-18054476
-15519239
-10320165
-6409895
-4596296
9284025
14156112
15735914
22466620
24186255
30444522
33093601
33152007
50238063
56345929
59736301
61034863
64540405
79074745
79136174
83045871
91621925
96714125
103955871
110548917
112657696
134505236
136725217
137671891
147035934
153335161
159700110
170110140
173223835
178913012
206577952
210483657
214578985
215105554
217768573
224948955
229882944
232404230
263370702
269492981
275304585
276119704
286339462
289941437
290566824
297068700
298505928
309821609
313149361
319205442
324147971
329057999
348244765
352908473
360093492
362507052
363252751
367160502
367794926
374907907
377594854
379167038
380599358
385423664
388393532
390462609
390637456
394116140
397146518
399679611
400771038
406146537
416577914
417357296
425447130
429766176
431479478
432424530
433237356
444023081
446313322
450892694
452321340
455976662
461930403
463407598
464231584
464403730
466964295
471682498
476838418
478245420
480142656
480482453
485092234
485535675
488216273
489500482
495800588
501710013
501719054
502023697
506699365
512538061
519798255
519963502
520323527
525963830
526476409
530100477
531265919
538309111
540291542
544153596
549954276
554661424
559581121
560387620
564273156
564327888
571146131
582598047
584765120
585533183
594381853
613808510
619501107
620506546
623754990
626459589
632336727
632870977
637405215
641311703
649878592
658020688
659718682
663764848
665538744
666281580
667420796
673540134
681101482
692531980
695787648
703471024
703800889
704236639
707511637
708847008
710354627
717184575
719016715
720399975
722824540
723337505
730415452
733967664
734615235
742543003
748720627
749502667
750637132
752700505
765982335
770339386
770653370
773501799
774483126
776079833
779389441
782489067
788693842
789719710
798298629
800455940
810677988
812118920
821530998
826199740
826999399
832345355
832872609
834986607
840141015
844053520
844621550
846034986
851047442
853244655
858298131
865852148
866883813
868358787
875793027
881417797
883129476
884808252
885487675
886415703
898589415
898659147
910053928
910701980
911826975
914514396
917953438
926285504
928178021
935966407
936770957
937746163
940106125
958198572
958884906
960968980
962965108
969091399
972545493
974467745
974716979
980036463
983729566
986651596
989673020
992470442
1006339378
1010746716
1017892141
1020014253
1024244823
1026667606
1027482318
1045956687
1050317406
1053918112
1055508314
1057077699
1059261960
1071081760
1075236315
1076093828
1078023574
1079302716
1082053147
1093858671
1094013358
1094640063
1097725215
1099489106
1101258146
1102943148
1107195943
1110362885
1123900563
1126712044
1132862147
1135837397
1136307244
1142361236
1147032580
1148894104
1150749827
1151081008
1152777516
1155461854
1156322634
1158940643
1159170596
1169300027
1177023071
1177235250
1181257291
1181966580
1183696509
1190134953
1191507558
1198340947
1198524865
1204391297
1206024342
1214722041
1219585417
1221153859
1225145213
1229588915
1229784134
1232659540
1235353719
1236737416
1236751302
1244603051
1249233131
1250176059
1254468644
1255542346
1266178872
1266635472
1268444287
1273882032
1274585728
1280053081
1283803818
1285276008
1287441706
1287961543
1295085125
1298501393
1312944170
1314134711
1314886550
1321762049
1331612733
1344813625
1346741689
1347186867
1348509072
1355501673
1355669499
1356980054
1361311167
1364018014
1371735792
1380376941
1382821240
1390812183
1396928782
1409112237
1409307177
1418432371
1427089043
1429737437
1432145218
1432863191
1448702577
1449288132
1450972191
1458123003
1459455500
1459947696
1464967776
1467940995
1479255494
1488761655
1491181777
1491868276
1504270707
1510033660
1511295517
1522585567
1526970910
1528793500
1534201840
1538653167
1538855171
1539198258
1541072319
1549921662
1550872014
1556387458
1559257315
1565154739
1568014388
1572245811
1588170939
1592917591
1607461144
1607782926
1608930925
1609396269
1617808617
1626176421
1627965408
1628470086
1636869312
1641711957
1643835817
1644436305
1651666389
1661456708
1661499821
1666835430
1668742658
1668774476
1670050791
1672053251
1672522359
1673444111
1673912153
1674648016
1681133512
1682353007
1682890151
1683369915
1688410555
1689656401
1703812352
1704114505
1707793146
1710251721
1710790605
1721523190
1723424050
1732807902
1737287512
1739654449
1741387376
1742512232
1747294852
1747986673
1760429918
1761460770
1761904828
1762749959
1765779531
1774408658
1777772182
1779535987
1786876849
1788050496
1790081341
1798837829
1798926000
1809652372
1813966718
1814485517
1815307008
1817827635
1830750746
1836555544
1841491346
1843088411
1843944900
1847206306
1856169376
1859713022
1869471850
1870859166
1879071608
1885780400
1892155136
1892648604
1896945967
1897465371
1902085838
1909270261
1910322729
1912940447
1919890809
1925354125
1926439863
1928380458
1929006120
1942484316
1942792612
1950514080
1956383932
1958060223
1959475015
1965923107
1968332766
1969895729
1969981227
1978332092
1981713982
1983810314
1985831098
1997371353
1998135676
2009316999
2012424824
2020347000
2020588098
2023528117
2034461824
2035806599
2053744302
2054500486
2068799078
2073891443
2074902448
2082944108
2086420029
2086525067
2098121592
2099204799
2099679588
2101466557
2102497078
2103705999
2112357726
2115257602
2124103440
2125548204
2128570358
2131077235
2144245416
