1000
502023697
-325181699
485092234
886415703
-1112573639
531265919
-2004800485
-715493879
1135837397
681101482
-1171472677
-1389502838
-241158581
-2146980102
-1032108362
1942484316
1798837829
-1636342256
-1178605534
-1285715611
1235353719
958884906
1689656401
1432145218
-364043263
1538653167
1491181777
-328594231
-1450046860
1459455500
1409307177
464231584
-621871405
812118920
-1762849328
1968332766
-1038920996
-1715971009
137671891
1110362885
1396928782
2053744302
1666835430
-248749663
-312768790
1427089043
2125548204
-1400130016
-302991451
937746163
263370702
1101258146
2098121592
-1229154775
112657696
-1928425496
-314346601
-1252776872
-1109767081
1817827635
1232659540
1017892141
1528793500
-209830550
846034986
1132862147
1094640063
134505236
-292454932
-1359022927
-577617379
-1103694222
2068799078
-269195339
-491266821
506699365
-156647071
1429737437
1347186867
1607461144
1559257315
1020014253
-735950798
666281580
564327888
-1373427057
619501107
377594854
-572802271
989673020
1364018014
-949628183
91621925
974716979
-910000919
1761904828
79074745
-956806692
-438135741
-1336339489
-1851481885
1273882032
1681133512
526476409
-1228587221
1152777516
-74285949
324147971
1448702577
935966407
-1844083732
-1106729167
-1470089696
-1332678507
840141015
-2090029179
1459947696
1314134711
-1814142650
730415452
-913355391
-1661993079
544153596
-1769249136
-1040131219
-336134722
-1267242509
153335161
-2047051534
1843944900
-1855631852
851047442
-2018858485
1219585417
1572245811
-202722909
770653370
-1456623765
-751005342
-1982388303
-1827083637
881417797
1250176059
1856169376
-1508833271
1450972191
752700505
2074902448
-137002239
-1271834109
-922870444
83045871
61034863
59736301
594381853
-466489832
-1088230331
742543003
-1730879494
-799258913
-552680342
1150749827
214578985
-630148333
-1013789203
-740397855
-1319898013
1830750746
-20146643
-1048806703
-880701379
-1873183450
1314886550
-1308339473
-87395423
-1793715258
2128570358
-1119672445
-1682823504
-881449057
-225209820
390637456
-1210172528
1177235250
1704114505
2099204799
-138966053
-1664099306
-735510158
-1874777457
-148585970
1191507558
-1140304852
-278155852
1479255494
540291542
1206024342
-312706482
1107195943
313149361
-1535309128
489500482
1732807902
-243784831
538309111
-44865434
-1765534210
-587294530
-531995395
-1586058427
-937239000
926285504
1843088411
-1092873360
110548917
-352149351
-1931593047
525963830
-1907808383
914514396
-1367898095
821530998
-1292652037
-1870870978
-1928176638
641311703
853244655
-249846001
911826975
-1395914149
290566824
1673444111
788693842
429766176
637405215
-208479225
-1009560701
-1090707459
-1520774036
1928380458
1147032580
-138578013
1071081760
-972719412
1902085838
765982335
1155461854
-398377597
1707793146
-1948190645
776079833
178913012
136725217
-1804311476
1380376941
1280053081
-147375693
-546204795
1710790605
1055508314
2035806599
-1475460284
-1564729735
826199740
-294843044
-1876224527
832872609
-1423407581
-2098304521
-346305636
1747986673
1760429918
1969981227
-1795454902
-1604027444
-387483636
1644436305
1355501673
-1975226073
495800588
1491868276
-570250741
-1183334496
-191843465
319205442
-1713255673
1674648016
-466939557
1790081341
-67540889
-37484472
-570830602
720399975
-1111699862
-32873113
1926439863
1094013358
-440979688
-1717854164
626459589
-622033911
1747294852
-53608002
480142656
-1570575059
-4596296
1236751302
-1177304051
-1508244356
-1734841842
-1208355215
1183696509
-2127924007
1870859166
-1967637670
1053918112
-921725795
1859713022
-998161475
2012424824
-1808190325
1965923107
1925354125
-1787371796
1050317406
-970456758
-1422799153
649878592
-754903781
-1334712958
1136307244
-162991108
-819514143
-1876947489
992470442
-185654467
-818961852
-1836224621
30444522
-1929470760
-283440618
-1912566090
571146131
-1181585408
-106851962
-1688620459
707511637
-910962127
1099489106
1236737416
-1392408773
1809652372
-1919038154
-561873637
210483657
659718682
983729566
1985831098
-1765950537
-1551487004
1123900563
910053928
-1973342666
2086525067
1672522359
-729721292
972545493
-866110363
-207288107
-1505938569
-708040898
1683369915
1847206306
-1139580494
1244603051
-1472995835
1361311167
348244765
-797793366
875793027
417357296
-1200457715
2101466557
1126712044
1710251721
-1299836672
1608930925
960968980
1181257291
-236736418
-637013028
-1559342905
928178021
-364308546
692531980
390462609
-2023943873
-109789319
1950514080
703471024
1981713982
276119704
-1119392184
1526970910
-997654105
-1111670048
1929006120
-413915031
2086420029
-707844329
1177023071
-1835585968
1983810314
1026667606
147035934
-1254536114
-1039238751
883129476
1541072319
-1272691883
-827826407
-1023874777
159700110
444023081
-558790858
-509208473
-1460627421
1841491346
1798926000
1346741689
1225145213
-197220102
1190134953
463407598
2023528117
1254468644
-464063922
-919589355
-651541045
-1073800187
298505928
-2130987843
-1390045512
1892648604
-1368253219
-1543059296
748720627
1643835817
559581121
-163013322
-1178129167
898589415
2009316999
1511295517
367160502
958198572
-1161204053
286339462
-1814946752
-646485402
-716734446
-73237870
1813966718
269492981
773501799
866883813
-2085992059
-1681367899
734615235
275304585
710354627
1617808617
406146537
1266178872
1969895729
1788050496
-846268565
362507052
-1181213571
-1598173264
-1684918065
1688410555
-249006509
884808252
1836555544
1568014388
-32777323
-1772778429
450892694
1082053147
2082944108
-1251909156
663764848
-613862660
-1021180445
173223835
394116140
-635062170
-1012078399
1910322729
1148894104
-2102010753
1761460770
-482371465
885487675
374907907
-1079173059
-562814127
-1291519838
774483126
1762749959
-964147012
-310716470
79136174
1703812352
-889555440
-1237903900
-718034544
632870977
-2074832643
-345918203
1198340947
352908473
-580238151
297068700
1942792612
719016715
-489614613
-1765049544
-1726921854
-635212154
-443499139
1636869312
1079302716
-1690046647
-1091932836
-1421929838
1522585567
399679611
717184575
1721523190
564273156
723337505
-1977819808
232404230
-840884836
-15519239
1449288132
-1284301465
-375127841
-1535369990
-768666110
1057077699
-300508380
-165274325
-1072184002
1458123003
-1063374372
832345355
1651666389
2103705999
-1949353167
-383400600
834986607
1814485517
2131077235
-1463678521
1592917591
-881744152
-104057356
1285276008
-1322337820
-1975571908
-1827447523
1879071608
-1564694059
673540134
-1195405176
-1421403299
-787010754
397146518
750637132
-1295578025
1059261960
9284025
-877066074
2124103440
-1543135683
1076093828
1869471850
1409112237
-1005685979
229882944
-1442948367
1978332092
-546928062
1668774476
-950965216
-1915093854
-1524926636
749502667
1607782926
-1470200642
1027482318
-575979966
770339386
-928480640
1331612733
466964295
1661456708
-1478030966
-282898824
789719710
-2139603080
1549921662
708847008
1344813625
-545270601
-321493412
-1979146842
560387620
-907160181
722824540
1348509072
206577952
380599358
-287115554
974467745
-410484176
810677988
-1393157423
1467940995
-647504147
-1446496568
433237356
1255542346
2073891443
488216273
501719054
-296520975
858298131
2099679588
-1966087674
379167038
1214722041
-1912038535
-1489578050
1287961543
549954276
1432863191
-1120279906
1274585728
-603236504
-2040062673
-546908709
15735914
2112357726
1723424050
309821609
962965108
1229784134
-1656225670
1169300027
-1290129146
-534518433
1287441706
554661424
2020588098
-1468804542
-1385337810
-185343785
461930403
-1474354202
-291904520
1626176421
-122801572
-1739740432
-416177066
-648166853
329057999
103955871
-1467806158
-2078998464
-425802882
-365295038
480482453
-252516112
584765120
658020688
446313322
512538061
1229588915
170110140
695787648
-559956550
910701980
1737287512
33152007
-1603428088
-794798020
-987909003
-1956116227
-609835060
1628470086
-293588815
1556387458
-1199891620
-1429652919
620506546
224948955
-224856822
1777772182
-2123711562
-1146351570
-280696142
-321295448
2144245416
1198524865
1390812183
1204391297
844053520
917953438
-77738888
2020347000
-792779367
-409474151
868358787
-1771818266
1909270261
-557196512
215105554
1510033660
-1894716402
1661499821
-1548896789
1010746716
1156322634
1266635472
-705517704
-471715176
-556537046
1682353007
-1269190141
1538855171
-132274337
704236639
-1295424433
1609396269
-696902544
-1696704313
14156112
-310530508
1464967776
385423664
-1199128276
520323527
-1670340420
1897465371
-750761088
-447181969
-52269163
64540405
1488761655
898659147
22466620
585533183
1892155136
1102943148
-1532211581
-491434991
-232962440
-988575662
-1718829252
455976662
452321340
425447130
1670050791
865852148
-1660766009
-1073370424
1045956687
1142361236
-1323712483
519963502
-1182453252
623754990
530100477
-1425589529
703800889
33093601
-1639321297
-847247754
2034461824
-1827679378
986651596
-186491568
-972891667
665538744
-448676990
1078023574
-302044358
-1118803698
-1890566686
-1041057473
-1796727943
-528666772
632336727
-582715594
1956383932
-873343835
-293834808
-527367282
-923362610
1355669499
1641711957
400771038
-156576279
-1242951493
1356980054
-945948784
-1303115565
-1719143257
1382821240
733967664
-942549944
-1195163873
476838418
367794926
-197994821
-1134184349
1959475015
2054500486
1885780400
1151081008
-1787380972
-1883658018
-217649509
2115257602
-1692648929
-1189240033
-289373654
-1598386748
-1845369341
-527519014
1298501393
969091399
-971585579
1627965408
1371735792
-1124804660
-1990785491
1682890151
-1017199429
-1403580407
-1916406824
-321129407
1249233131
-266432490
1673912153
-1209470960
-798923442
1786876849
360093492
936770957
-901259659
-1574248302
-1185766445
-2130091373
613808510
-1415117467
-1846973529
-1073079246
363252751
-1534593470
779389441
501710013
2102497078
-1348996657
-1114336950
-464399667
289941437
1742512232
1896945967
582598047
24186255
1741387376
-1490623415
1283803818
800455940
-1049214590
1159170596
96714125
-344028734
-919184356
1158940643
-118492624
431479478
-295477356
1668742658
-676165472
-2110226887
464403730
1539198258
519798255
-1989839717
485535675
-1381544268
-780837117
-1256132919
1919890809
471682498
-119575785
-1041185400
1024244823
-131432492
-1834525729
217768573
1504270707
980036463
1221153859
1672053251
-726500192
432424530
-1901152051
1312944170
1588170939
1958060223
388393532
-306059784
478245420
1321762049
1181966580
1997371353
-656884865
-1806340404
798298629
-127088079
-2080667476
-390768176
-1028683515
-940410599
1295085125
-258374018
-1929677837
-1127550841
-2001762922
-18054476
-594270898
1912940447
1093858671
-1068540549
56345929
416577914
-1899672601
1815307008
-1110261142
-1776202420
782489067
-38404186
1565154739
1774408658
-158513743
-1853163498
-1270479667
1418432371
-876577159
1779535987
1006339378
-600731962
940106125
-1654774415
-1636019174
1075236315
1765779531
-1202199234
1268444287
50238063
667420796
-1517269691
1550872014
826999399
1097725215
-590734622
1998135676
-10320165
-443013020
-1568994195
1534201840
-1735849785
-70578638
1739654449
-108172008
-1547041836
-818874001
-1301312117
-273579517
844621550
-1786585205
-6409895
-1664613534