-364043263
-1112573639
485092234
-1636342256
-715493879
137671891
1235353719
-1844083732
-1359022927
-949628183
-552680342
-241158581
313149361
886415703
1689656401
-1948190645
-1762849328
-1508833271
-1252776872
-1038920996
-819514143
-630148333
-466489832
-292454932
-74285949
214578985
429766176
719016715
1110362885
1538653167
1798837829
-2004800485
-1907808383
-1793715258
-1682823504
-1564729735
-1450046860
-1292652037
-1178605534
-1088230331
-1009560701
-880701379
-751005342
-651541045
-577617379
-491266821
-438135741
-312768790
-269195339
-156647071
15735914
159700110
276119704
377594854
461930403
564327888
812118920
1017892141
1152777516
1409307177
1666835430
1732807902
1968332766
-2090029179
-1975226073
-1928425496
-1873183450
-1814142650
-1769249136
-1715971009
-1664099306
-1598173264
-1543059296
-1475460284
-1400130016
-1308339473
-1271834109
-1208355215
-1140304852
-1106729167
-1072184002
-1021180445
-972719412
-921725795
-846268565
-797793366
-729721292
-696902544
-646485402
-603236504
-570250741
-531995395
-482371465
-448676990
-387483636
-336134722
-296520975
-282898824
-249846001
-202722909
-137002239
-20146643
61034863
153335161
178913012
232404230
290566824
362507052
394116140
450892694
466964295
531265919
666281580
752700505
846034986
958884906
1082053147
1135837397
1191507558
1314134711
1459455500
1617808617
1674648016
1707793146
1762749959
1902085838
2068799078
-2127924007
-2047051534
-1982388303
-1967637670
-1929677837
-1915093854
-1876947489
-1851481885
-1827447523
-1804311476
-1776202420
-1765534210
-1730879494
-1690046647
-1670340420
-1660766009
-1603428088
-1574248302
-1548896789
-1532211581
-1505938569
-1470089696
-1422799153
-1389502838
-1332678507
-1295578025
-1285715611
-1267242509
-1237903900
-1195405176
-1177304051
-1119672445
-1111670048
-1092873360
-1073370424
-1048806703
-1028683515
-1013789203
-988575662
-964147012
-928480640
-910000919
-866110363
-827826407
-799258913
-787010754
-735950798
-718034544
-707844329
-676165472
-648166853
-635212154
-613862660
-587294530
-572802271
-558790858
-546204795
-509208473
-489614613
-466939557
-464063922
-443499139
-410484176
-375127841
-346305636
-321295448
-302991451
-293834808
-287115554
-278155852
-258374018
-248749663
-209830550
-185654467
-138966053
-118492624
-53608002
-4596296
30444522
91621925
147035934
173223835
210483657
224948955
269492981
286339462
298505928
348244765
367794926
385423664
406146537
444023081
455976662
464231584
480142656
506699365
559581121
637405215
703471024
730415452
788693842
832872609
875793027
914514396
974716979
1055508314
1101258146
1126712044
1147032580
1177235250
1219585417
1273882032
1347186867
1432145218
1491181777
1572245811
1643835817
1672522359
1683369915
1704114505
1710790605
1760429918
1786876849
1843944900
1928380458
1985831098
2098121592
-2139603080
-2102010753
-2078998464
-2023943873
-1990785491
-1977819808
-1973342666
-1956116227
-1931593047
-1929470760
-1919038154
-1912566090
-1890566686
-1876224527
-1855631852
-1846973529
-1835585968
-1827083637
-1808190325
-1795454902
-1787371796
-1772778429
-1765950537
-1765049544
-1735849785
-1718829252
-1696704313
-1688620459
-1681367899
-1664613534
-1661993079
-1654774415
-1604027444
-1598386748
-1586058427
-1570575059
-1559342905
-1543135683
-1535309128
-1520774036
-1508244356
-1489578050
-1472995835
-1460627421
-1442948367
-1421403299
-1392408773
-1368253219
-1336339489
-1322337820
-1301312117
-1295424433
-1291519838
-1272691883
-1269190141
-1254536114
-1251909156
-1228587221
-1199891620
-1183334496
-1178129167
-1161204053
-1134184349
-1118803698
-1111699862
-1109767081
-1103694222
-1090707459
-1073800187
-1073079246
-1063374372
-1040131219
-1032108362
-1023874777
-1017199429
-1012078399
-998161475
-987909003
-970456758
-956806692
-942549944
-922870444
-913355391
-881744152
-876577159
-847247754
-840884836
-818961852
-798923442
-792779367
-768666110
-740397855
-735510158
-726500192
-716734446
-708040898
-705517704
-656884865
-647504147
-637013028
-635062170
-621871405
-609835060
-594270898
-580238151
-575979966
-570830602
-561873637
-557196512
-546928062
-545270601
-527519014
-491434991
-471715176
-464399667
-447181969
-440979688
-416177066
-398377597
-383400600
-364308546
-352149351
-345918203
-325181699
-314346601
-310716470
-300508380
-294843044
-293588815
-291904520
-283440618
-280696142
-273579517
-266432490
-252516112
-249006509
-243784831
-225209820
-208479225
-191843465
-163013322
-148585970
-138578013
-122801572
-106851962
-70578638
-37484472
-15519239
9284025
22466620
33152007
79136174
112657696
170110140
206577952
215105554
229882944
263370702
275304585
289941437
297068700
309821609
324147971
352908473
367160502
374907907
380599358
390462609
399679611
417357296
432424530
446313322
452321340
463407598
464403730
476838418
480482453
495800588
525963830
540291542
564273156
619501107
659718682
692531980
707511637
722824540
742543003
773501799
800455940
826199740
840141015
858298131
883129476
910053928
935966407
972545493
989673020
1027482318
1071081760
1094640063
1107195943
1123900563
1132862147
1136307244
1150749827
1159170596
1183696509
1206024342
1229784134
1250176059
1285276008
1331612733
1364018014
1427089043
1449288132
1467940995
1511295517
1549921662
1607461144
1628470086
1651666389
1668774476
1673444111
1682353007
1688410555
1703812352
1710251721
1721523190
1741387376
1761904828
1777772182
1788050496
1830750746
1879071608
1919890809
1950514080
1981713982
2023528117
2086420029
2112357726
-2146980102
-2130987843
-2123711562
-2098304521
-2085992059
-2074832643
-2040062673
-2018858485
-2001762922
-1989839717
-1979146842
-1975571908
-1966087674
-1949353167
-1928176638
-1916406824
-1912038535
-1899672601
-1883658018
-1874777457
-1870870978
-1853163498
-1845369341
-1836224621
-1827679378
-1814946752
-1806340404
-1796727943
-1787380972
-1786585205
-1771818266
-1739740432
-1734841842
-1726921854
-1717854164
-1713255673
-1692648929
-1684918065
-1656225670
-1639321297
-1636019174
-1568994195
-1564694059
-1551487004
-1547041836
-1535369990
-1534593470
-1524926636
-1517269691
-1490623415
-1478030966
-1474354202
-1470200642
-1467806158
-1456623765
-1446496568
-1425589529
-1421929838
-1403580407
-1395914149
-1390045512
-1381544268
-1367898095
-1348996657
-1334712958
-1323712483
-1319898013
-1303115565
-1299836672
-1290129146
-1284301465
-1270479667
-1256132919
-1242951493
-1229154775
-1210172528
-1200457715
-1199128276
-1189240033
-1181585408
-1171472677
-1146351570
-1139580494
-1124804660
-1119392184
-1114336950
-1110261142
-1091932836
-1079173059
-1068540549
-1049214590
-1041057473
-1039238751
-1005685979
-997654105
-972891667
-971585579
-950965216
-945948784
-937239000
-923362610
-919589355
-910962127
-901259659
-881449057
-877066074
-873343835
-818874001
-794798020
-780837117
-754903781
-750761088
-622033911
-600731962
-590734622
-582715594
-562814127
-559956550
-556537046
-546908709
-534518433
-528666772
-527367282
-443013020
-425802882
-413915031
-409474151
-390768176
-365295038
-344028734
-328594231
-321493412
-321129407
-312706482
-310530508
-302044358
-295477356
-289373654
-236736418
-224856822
-207288107
-197220102
-186491568
-165274325
-162991108
-156576279
-147375693
-131432492
-119575785
-109789319
-87395423
-73237870
-67540889
-44865434
-32873113
-18054476
-10320165
14156112
24186255
33093601
56345929
79074745
83045871
103955871
134505236
217768573
319205442
329057999
360093492
363252751
379167038
388393532
390637456
397146518
400771038
416577914
425447130
431479478
433237356
471682498
478245420
488216273
501719054
519963502
526476409
538309111
549954276
560387620
584765120
626459589
649878592
663764848
673540134
695787648
704236639
710354627
720399975
723337505
734615235
749502667
770339386
776079833
789719710
810677988
821530998
832345355
834986607
844053520
853244655
866883813
881417797
884808252
898589415
911826975
926285504
937746163
962965108
974467745
983729566
1006339378
1024244823
1050317406
1057077699
1078023574
1094013358
1099489106
1102943148
1142361236
1148894104
1151081008
1156322634
1169300027
1181257291
1190134953
1198524865
1214722041
1225145213
1232659540
1236751302
1255542346
1280053081
1287961543
1314886550
1346741689
1355501673
1382821240
1418432371
1429737437
1448702577
1450972191
1459947696
1479255494
1504270707
1526970910
1539198258
1559257315
1592917591
1608930925
1626176421
1636869312
1644436305
1661456708
1668742658
1670050791
1673912153
1681133512
1682890151
1723424050
1737287512
1747294852
1761460770
1774408658
1779535987
1790081341
1814485517
1841491346
1859713022
1892648604
1910322729
1925354125
1942484316
1959475015
1969981227
1983810314
2012424824
2035806599
2074902448
2086525067
2101466557
2125548204
-2130091373
-2110226887
-2080667476
-1901152051
-1894716402
-1834525729
-1719143257
-1468804542
-1463678521
-1429652919
-1423407581
-1415117467
-1393157423
-1385337810
-1373427057
-1209470960
-1202199234
-1195163873
-1185766445
-1182453252
-1181213571
-1127550841
-1120279906
-1041185400
-940410599
-919184356
-907160181
-889555440
-306059784
-232962440
-217649509
-197994821
-185343785
-158513743
-132274337
-127088079
-108172008
-104057356
-77738888
-52269163
-38404186
-32777323
-6409895
50238063
59736301
64540405
96714125
110548917
136725217
485535675
489500482
501710013
502023697
512538061
520323527
530100477
544153596
554661424
571146131
594381853
620506546
632870977
641311703
658020688
665538744
667420796
681101482
703800889
708847008
717184575
733967664
748720627
750637132
765982335
770653370
774483126
779389441
798298629
826999399
844621550
851047442
865852148
868358787
885487675
898659147
910701980
917953438
928178021
936770957
958198572
960968980
969091399
980036463
986651596
992470442
1010746716
1020014253
1026667606
1045956687
1053918112
1059261960
1076093828
1079302716
1093858671
1097725215
1155461854
1158940643
1177023071
1181966580
1198340947
1204391297
1221153859
1229588915
1236737416
1244603051
1254468644
1266635472
1274585728
1283803818
1287441706
1298501393
1321762049
1344813625
1348509072
1356980054
1380376941
1396928782
1432863191
1458123003
1464967776
1488761655
1491868276
1510033660
1522585567
1528793500
1538855171
1541072319
1556387458
1568014388
1588170939
1607782926
1609396269
1627965408
1641711957
1661499821
1672053251
1739654449
1742512232
1747986673
1765779531
1809652372
1817827635
1836555544
1843088411
1856169376
1870859166
1892155136
1897465371
1909270261
1912940447
1926439863
1929006120
1942792612
1956383932
1965923107
1969895729
1978332092
1998135676
2020588098
2034461824
2053744302
2073891443
2082944108
2099204799
2103705999
2124103440
2131077235
519798255
582598047
585533183
613808510
623754990
632336727
782489067
940106125
1075236315
1249233131
1266178872
1268444287
1295085125
1312944170
1355669499
1361311167
1371735792
1390812183
1409112237
1534201840
1550872014
1565154739
1798926000
1813966718
1815307008
1847206306
1869471850
1885780400
1896945967
1958060223
1997371353
2009316999
2020347000
2054500486
2099679588
2102497078
2115257602
2128570358
2144245416
